GLY -0.10  0.07  0.01 -0.09 
ALA -0.09 -0.06  0.07  0.16 
SER  0.09  0.10 -0.06 -0.26 
CYS -0.44 -0.20  0.34  1.23 
VAL -0.29 -0.19  0.27  0.73 
THR -0.00  0.03 -0.01 -0.06 
ILE -0.35 -0.23  0.32  1.08 
PRO  0.27  0.08 -0.12 -0.19 
MET -0.45 -0.16  0.35  0.82 
ASP  0.56  0.27 -0.23 -0.53 
ASN  0.33  0.13 -0.15 -0.28 
LEU -0.38 -0.18  0.29  0.95 
LYS  1.28  0.37 -0.38 -0.56 
GLU  0.72  0.31 -0.26 -0.58 
GLN  0.46  0.16 -0.19 -0.35 
ARG  0.35  0.06 -0.14 -0.16 
HIS -0.17  0.02  0.05  0.08 
PHE -0.41 -0.21  0.37  1.00 
TYR -0.15 -0.19  0.16  0.76 
TRP -0.20 -0.28  0.37  0.65 
