
PHH   GLY  ALA  SER  CYS  VAL  THR  ILE  PRO  MET  ASP  ASN  LEU  LYS  GLU  GLN  ARG  HIS  PHE  TYR  TRP  
GLY   3.3  1.8  1.6  1.6  1.6  1.2  1.3  1.8  0.9  1.0  0.9  1.6  1.5  1.4  1.4  0.9  1.5  1.1  1.1  1.0 
ALA   1.8  0.6  0.8  0.4  0.4  0.5  0.3  0.9  0.2  0.7  0.5  0.3  0.8  0.5  0.3  0.2  0.4  0.1  0.2  0.2 
SER   1.6  0.8  0.7  0.9  0.3  0.4  0.2  0.9  0.3  0.2  0.2  0.5  0.3  0.2  0.0 -0.1 -0.1  0.1  0.0  0.0 
CYS   1.6  0.4  0.9 -0.2 -0.4  0.3 -0.6  0.4 -0.6  0.9  0.4 -0.4  0.3  0.5  0.7  0.2 -0.4 -0.8 -0.6 -0.6 
VAL   1.6  0.4  0.3 -0.4 -0.6 -0.3 -0.9  0.6 -0.8  0.7 -0.0 -0.9  0.1  0.2 -0.0 -0.3 -0.3 -1.0 -0.7 -1.1 
THR   1.2  0.5  0.4  0.3 -0.3 -0.1 -0.5  0.7 -0.2  0.1 -0.2 -0.3 -0.1 -0.0 -0.4 -0.2 -0.2 -0.3 -0.4 -0.4 
ILE   1.3  0.3  0.2 -0.6 -0.9 -0.5 -1.1  0.4 -0.9  0.5  0.1 -1.1 -0.1 -0.0 -0.2 -0.3 -0.3 -1.1 -0.7 -1.1 
PRO   1.8  0.9  0.9  0.4  0.6  0.7  0.4  1.4  0.4  1.0  0.6  0.6  0.6  0.6  0.5  0.2  0.5  0.6 -0.0 -0.0 
MET   0.9  0.2  0.3 -0.6 -0.8 -0.2 -0.9  0.4 -0.2  0.4 -0.1 -0.9  0.1  0.1 -0.3 -0.5 -0.7 -1.1 -0.9 -0.8 
ASP   1.0  0.7  0.2  0.9  0.7  0.1  0.5  1.0  0.4  0.5  0.0  0.9 -0.6  0.5 -0.4 -0.7 -0.2  0.3  0.3  0.2 
ASN   0.9  0.5  0.2  0.4 -0.0 -0.2  0.1  0.6 -0.1  0.0  0.1  0.2 -0.3 -0.1 -0.3 -0.3 -0.0  0.1 -0.1 -0.1 
LEU   1.6  0.3  0.5 -0.4 -0.9 -0.3 -1.1  0.6 -0.9  0.9  0.2 -1.0 -0.0  0.2 -0.1 -0.3 -0.3 -1.1 -0.8 -0.9 
LYS   1.5  0.8  0.3  0.3  0.1 -0.1 -0.1  0.6  0.1 -0.6 -0.3 -0.0  0.4 -0.9 -0.5 -0.1  0.1 -0.0 -0.4  0.0 
GLU   1.4  0.5  0.2  0.5  0.2 -0.0 -0.0  0.6  0.1  0.5 -0.1  0.2 -0.9  0.2 -0.5 -1.0 -0.4  0.2 -0.1 -0.2 
GLN   1.4  0.3  0.0  0.7 -0.0 -0.4 -0.2  0.5 -0.3 -0.4 -0.3 -0.1 -0.5 -0.5 -0.2 -0.5 -0.3 -0.1 -0.4 -0.7 
ARG   0.9  0.2 -0.1  0.2 -0.3 -0.2 -0.3  0.2 -0.5 -0.7 -0.3 -0.3 -0.1 -1.0 -0.5 -0.2 -0.3 -0.3 -0.6 -0.5 
HIS   1.5  0.4 -0.1 -0.4 -0.3 -0.2 -0.3  0.5 -0.7 -0.2 -0.0 -0.3  0.1 -0.4 -0.3 -0.3 -0.4 -0.5 -0.7 -0.8 
PHE   1.1  0.1  0.1 -0.8 -1.0 -0.3 -1.1  0.6 -1.1  0.3  0.1 -1.1 -0.0  0.2 -0.1 -0.3 -0.5 -1.0 -1.0 -1.2 
TYR   1.1  0.2  0.0 -0.6 -0.7 -0.4 -0.7 -0.0 -0.9  0.3 -0.1 -0.8 -0.4 -0.1 -0.4 -0.6 -0.7 -1.0 -0.5 -1.1 
TRP   1.0  0.2  0.0 -0.6 -1.1 -0.4 -1.1 -0.0 -0.8  0.2 -0.1 -0.9  0.0 -0.2 -0.7 -0.5 -0.8 -1.2 -1.1 -1.1 

PEE   GLY  ALA  SER  CYS  VAL  THR  ILE  PRO  MET  ASP  ASN  LEU  LYS  GLU  GLN  ARG  HIS  PHE  TYR  TRP  
GLY   2.6  1.3  0.9  0.8  0.8  0.8  0.6  1.4  0.5  0.5  0.8  0.5  1.0  0.8  0.6  0.6  0.3  0.0  0.1 -0.2 
ALA   1.3  0.5  0.5 -0.0 -0.4  0.2 -0.6  0.6 -0.2  0.6  0.3 -0.6  0.5  0.6  0.3  0.1  0.1 -0.8 -0.6 -0.8 
SER   0.9  0.5  0.0  0.1  0.1 -0.3 -0.1  0.6 -0.1 -0.3 -0.3  0.0 -0.0 -0.2 -0.3 -0.3 -0.6 -0.4 -0.5 -0.7 
CYS   0.8 -0.0  0.1 -0.8 -0.9 -0.0 -0.9  0.2 -0.7  0.3  0.3 -0.9  0.1  0.4 -0.1  0.0 -0.6 -0.9 -0.7 -1.5 
VAL   0.8 -0.4  0.1 -0.9 -1.3 -0.5 -1.5  0.2 -0.9  0.3  0.0 -1.4 -0.2 -0.1 -0.1 -0.5 -0.6 -1.3 -1.1 -1.2 
THR   0.8  0.2 -0.3 -0.0 -0.5 -0.7 -0.6  0.3 -0.4 -0.2 -0.5 -0.4 -0.5 -0.6 -0.6 -0.7 -0.7 -0.5 -0.6 -0.6 
ILE   0.6 -0.6 -0.1 -0.9 -1.5 -0.6 -1.6  0.1 -1.1  0.1 -0.0 -1.5 -0.2 -0.2 -0.2 -0.5 -0.5 -1.5 -1.1 -1.3 
PRO   1.4  0.6  0.6  0.2  0.2  0.3  0.1  1.0  0.2  0.8  0.4  0.1  0.8  0.6  0.3  0.1  0.0 -0.3 -0.5 -0.5 
MET   0.5 -0.2 -0.1 -0.7 -0.9 -0.4 -1.1  0.2 -0.4  0.2 -0.1 -1.1 -0.2 -0.2 -0.5 -0.5 -0.5 -1.3 -0.9 -1.2 
ASP   0.5  0.6 -0.3  0.3  0.3 -0.2  0.1  0.8  0.2  0.4 -0.5  0.2 -0.6  0.1 -0.5 -1.0 -0.7  0.0 -0.4 -0.4 
ASN   0.8  0.3 -0.3  0.3  0.0 -0.5 -0.0  0.4 -0.1 -0.5 -0.5  0.1 -0.3 -0.4 -0.6 -0.5 -0.4 -0.3 -0.6 -0.6 
LEU   0.5 -0.6  0.0 -0.9 -1.4 -0.4 -1.5  0.1 -1.1  0.2  0.1 -1.3 -0.1 -0.2 -0.3 -0.4 -0.5 -1.4 -1.1 -1.2 
LYS   1.0  0.5 -0.0  0.1 -0.2 -0.5 -0.2  0.8 -0.2 -0.6 -0.3 -0.1  0.3 -1.1 -0.6 -0.1 -0.3 -0.3 -0.8 -1.0 
GLU   0.8  0.6 -0.2  0.4 -0.1 -0.6 -0.2  0.6 -0.2  0.1 -0.4 -0.2 -1.1  0.4 -0.3 -1.3 -0.8 -0.3 -0.8 -0.7 
GLN   0.6  0.3 -0.3 -0.1 -0.1 -0.6 -0.2  0.3 -0.5 -0.5 -0.6 -0.3 -0.6 -0.3 -0.3 -0.8 -0.6 -0.6 -0.8 -1.0 
ARG   0.6  0.1 -0.3  0.0 -0.5 -0.7 -0.5  0.1 -0.5 -1.0 -0.5 -0.4 -0.1 -1.3 -0.8 -0.4 -0.7 -0.7 -1.0 -0.8 
HIS   0.3  0.1 -0.6 -0.6 -0.6 -0.7 -0.5  0.0 -0.5 -0.7 -0.4 -0.5 -0.3 -0.8 -0.6 -0.7 -0.6 -0.6 -1.0 -0.7 
PHE   0.0 -0.8 -0.4 -0.9 -1.3 -0.5 -1.5 -0.3 -1.3  0.0 -0.3 -1.4 -0.3 -0.3 -0.6 -0.7 -0.6 -1.4 -1.2 -1.4 
TYR   0.1 -0.6 -0.5 -0.7 -1.1 -0.6 -1.1 -0.5 -0.9 -0.4 -0.6 -1.1 -0.8 -0.8 -0.8 -1.0 -1.0 -1.2 -0.9 -1.1 
TRP  -0.2 -0.8 -0.7 -1.5 -1.2 -0.6 -1.3 -0.5 -1.2 -0.4 -0.6 -1.2 -1.0 -0.7 -1.0 -0.8 -0.7 -1.4 -1.1 -0.9 

PHE   GLY  ALA  SER  CYS  VAL  THR  ILE  PRO  MET  ASP  ASN  LEU  LYS  GLU  GLN  ARG  HIS  PHE  TYR  TRP  
GLY   3.3  2.5  1.4  1.5  1.3  0.9  1.2  2.2  0.8  0.8  1.1  1.3  0.9  1.0  0.9  0.7  1.1  1.0  0.6  0.6 
ALA   2.3  1.4  0.8  0.7  1.1  0.9  1.0  1.5  0.8  0.4  0.3  1.0  1.3  1.3  1.2  0.9  0.9  0.6  0.5  0.4 
SER   1.3  0.8  0.4  0.6  1.1  0.5  1.0  0.5  0.9 -0.5  0.3  0.9  0.5  0.4  0.2  0.1  0.5  0.6  0.6  0.5 
CYS   0.8  0.6  0.5 -1.2  0.2  0.3 -0.1  0.7  0.0  0.8  0.2  0.0  0.6  1.0  0.5 -0.1 -0.2 -0.3 -0.0 -0.8 
VAL   1.6  0.6  0.6  0.3  0.1  0.5 -0.0  0.7  0.0  0.1  0.2 -0.2  0.5  0.2  0.4  0.3  0.2 -0.0  0.0  0.2 
THR   1.3  0.9  0.3  0.8  0.8  0.3  0.6  0.7  0.5 -0.3  0.0  0.6  0.1  0.1  0.3  0.1  0.2  0.5  0.1  0.4 
ILE   1.3  0.5  0.4  0.2  0.1  0.3 -0.2  0.6 -0.2  0.6  0.2 -0.3  0.7  0.5  0.3  0.5  0.5 -0.4 -0.1 -0.2 
PRO   1.6  1.4  1.3  1.4  0.9  1.0  0.8  1.2  1.1  1.0  0.4  0.8  1.0  0.7  0.6  0.7  0.8  0.3 -0.1 -0.1 
MET   1.0  0.4  0.5  0.0  0.3  0.8  0.0  0.5 -0.1  0.4  0.1 -0.0  0.6  1.0  0.3  0.2 -0.1 -0.2  0.0 -0.4 
ASP   1.0  1.1  0.1  1.1  1.2  0.1  1.2  0.8  0.8  0.2 -0.2  1.0 -0.2  0.8  0.3 -0.5 -0.1  1.0  0.2  0.6 
ASN   1.3  1.2  0.5  1.2  0.9  0.3  1.1  0.9  0.7 -0.2 -0.2  0.8  0.3  0.3  0.2  0.0  0.2  0.9  0.1  0.2 
LEU   1.3  0.5  0.6  0.1 -0.0  0.6 -0.3  0.8 -0.0  0.6  0.4 -0.4  0.7  0.7  0.5  0.3  0.1 -0.3 -0.2 -0.4 
LYS   1.8  1.9  0.6  1.6  1.3  0.4  1.3  1.0  0.8 -0.2  0.2  1.1  1.1 -0.1  0.5  0.7  0.5  0.8  0.4  0.4 
GLU   1.3  1.3  0.1  1.1  1.6  0.2  1.3  0.7  0.9  0.5  0.1  1.3 -0.1  0.9  0.6 -0.3  0.2  1.0  0.7  0.4 
GLN   1.0  1.1  0.4  1.3  1.4  0.5  0.8  0.7  0.6  0.1  0.3  0.8  0.4  0.5  0.3  0.1  0.6  0.6  0.5 -0.1 
ARG   1.1  1.2  0.5  0.6  1.0  0.5  0.8  0.4  1.0 -0.5  0.1  0.7  0.5 -0.1  0.1  0.4  0.2  0.5  0.1  0.4 
HIS   1.3  0.8  0.2 -0.1  0.6  0.2  0.5  0.3  0.6  0.0 -0.0  0.6  0.1  0.0  0.1  0.2 -0.1  0.1 -0.2 -0.4 
PHE   1.0  0.2  0.2 -0.3 -0.2  0.1 -0.4  0.6 -0.5  0.3  0.0 -0.4  0.6  0.4  0.3  0.1 -0.1 -0.7 -0.4 -0.3 
TYR   1.0  0.6  0.2  0.2  0.2  0.1 -0.0 -0.1 -0.2  0.0 -0.2 -0.1  0.2  0.2  0.3 -0.1 -0.4 -0.4 -0.1 -0.5 
TRP   0.7  0.0  0.0 -0.1 -0.0 -0.2 -0.5 -0.4 -0.6  0.2 -0.1 -0.3  0.2 -0.2 -0.3  0.1 -0.3 -0.7 -0.4 -0.4 

PEH   GLY  ALA  SER  CYS  VAL  THR  ILE  PRO  MET  ASP  ASN  LEU  LYS  GLU  GLN  ARG  HIS  PHE  TYR  TRP  
GLY   3.3  2.3  1.3  0.8  1.6  1.3  1.3  1.6  1.0  1.0  1.3  1.3  1.8  1.3  1.0  1.1  1.3  1.0  1.0  0.7 
ALA   2.5  1.4  0.8  0.6  0.6  0.9  0.5  1.4  0.4  1.1  1.2  0.5  1.9  1.3  1.1  1.2  0.8  0.2  0.6  0.0 
SER   1.4  0.8  0.4  0.5  0.6  0.3  0.4  1.3  0.5  0.1  0.5  0.6  0.6  0.1  0.4  0.5  0.2  0.2  0.2  0.0 
CYS   1.5  0.7  0.6 -1.2  0.3  0.8  0.2  1.4  0.0  1.1  1.2  0.1  1.6  1.1  1.3  0.6 -0.1 -0.3  0.2 -0.1 
VAL   1.3  1.1  1.1  0.2  0.1  0.8  0.1  0.9  0.3  1.2  0.9 -0.0  1.3  1.6  1.4  1.0  0.6 -0.2  0.2 -0.0 
THR   0.9  0.9  0.5  0.3  0.5  0.3  0.3  1.0  0.8  0.1  0.3  0.6  0.4  0.2  0.5  0.5  0.2  0.1  0.1 -0.2 
ILE   1.2  1.0  1.0 -0.1 -0.0  0.6 -0.2  0.8  0.0  1.2  1.1 -0.3  1.3  1.3  0.8  0.8  0.5 -0.4 -0.0 -0.5 
PRO   2.2  1.5  0.5  0.7  0.7  0.7  0.6  1.2  0.5  0.8  0.9  0.8  1.0  0.7  0.7  0.4  0.3  0.6 -0.1 -0.4 
MET   0.8  0.8  0.9  0.0  0.0  0.5 -0.2  1.1 -0.1  0.8  0.7 -0.0  0.8  0.9  0.6  1.0  0.6 -0.5 -0.2 -0.6 
ASP   0.8  0.4 -0.5  0.8  0.1 -0.3  0.6  1.0  0.4  0.2 -0.2  0.6 -0.2  0.5  0.1 -0.5  0.0  0.3  0.0  0.2 
ASN   1.1  0.3  0.3  0.2  0.2  0.0  0.2  0.4  0.1 -0.2 -0.2  0.4  0.2  0.1  0.3  0.1 -0.0  0.0 -0.2 -0.1 
LEU   1.3  1.0  0.9  0.0 -0.2  0.6 -0.3  0.8 -0.0  1.0  0.8 -0.4  1.1  1.3  0.8  0.7  0.6 -0.4 -0.1 -0.3 
LYS   0.9  1.3  0.5  0.6  0.5  0.1  0.7  1.0  0.6 -0.2  0.3  0.7  1.1 -0.1  0.4  0.5  0.1  0.6  0.2  0.2 
GLU   1.0  1.3  0.4  1.0  0.2  0.1  0.5  0.7  1.0  0.8  0.3  0.7 -0.1  0.9  0.5 -0.1  0.0  0.4  0.2 -0.2 
GLN   0.9  1.2  0.2  0.5  0.4  0.3  0.3  0.6  0.3  0.3  0.2  0.5  0.5  0.6  0.3  0.1  0.1  0.3  0.3 -0.3 
ARG   0.7  0.9  0.1 -0.1  0.3  0.1  0.5  0.7  0.2 -0.5  0.0  0.3  0.7 -0.3  0.1  0.4  0.2  0.1 -0.1  0.1 
HIS   1.1  0.9  0.5 -0.2  0.2  0.2  0.5  0.8 -0.1 -0.1  0.2  0.1  0.5  0.2  0.6  0.2 -0.1 -0.1 -0.4 -0.3 
PHE   1.0  0.6  0.6 -0.3 -0.0  0.5 -0.4  0.3 -0.2  1.0  0.9 -0.3  0.8  1.0  0.6  0.5  0.1 -0.7 -0.4 -0.7 
TYR   0.6  0.5  0.6 -0.0  0.0  0.1 -0.1 -0.1  0.0  0.2  0.1 -0.2  0.4  0.7  0.5  0.1 -0.2 -0.4 -0.1 -0.4 
TRP   0.6  0.4  0.5 -0.8  0.2  0.4 -0.2 -0.1 -0.4  0.6  0.2 -0.4  0.4  0.4 -0.1  0.4 -0.4 -0.3 -0.5 -0.4 

MHH   GLY  ALA  SER  CYS  VAL  THR  ILE  PRO  MET  ASP  ASN  LEU  LYS  GLU  GLN  ARG  HIS  PHE  TYR  TRP  
GLY   2.0  1.4  1.1  0.7  1.0  1.0  0.7  1.2  0.5  0.9  0.9  0.7  1.0  1.3  0.8  0.5  1.0  0.4  0.4  0.2 
ALA   1.4  0.3  0.4  0.0 -0.2  0.0 -0.3  0.5 -0.3  0.5  0.5 -0.3  0.4  0.3  0.3  0.1  0.4 -0.4 -0.4 -0.5 
SER   1.1  0.4  0.6  0.4  0.1  0.2  0.2  0.5  0.2  0.3  0.4  0.1  0.2  0.5  0.1  0.1  0.1 -0.1 -0.1 -0.2 
CYS   0.7  0.0  0.4 -1.3 -0.3  0.2 -0.5  0.3 -0.7  0.6  0.5 -0.5  0.5  0.5  0.8  0.1 -0.6 -0.9 -0.6 -0.9 
VAL   1.0 -0.2  0.1 -0.3 -0.5 -0.1 -0.8 -0.0 -0.8  0.5  0.5 -0.8  0.5  0.2  0.1  0.1 -0.1 -0.8 -0.7 -1.1 
THR   1.0  0.0  0.2  0.2 -0.1  0.2 -0.2  0.2 -0.3  0.3  0.0 -0.2  0.2  0.3  0.0 -0.0  0.0 -0.3 -0.3 -0.6 
ILE   0.7 -0.3  0.2 -0.5 -0.8 -0.2 -0.8  0.1 -1.0  0.5  0.3 -1.0  0.2  0.1  0.0 -0.2 -0.2 -1.1 -0.9 -1.2 
PRO   1.2  0.5  0.5  0.3 -0.0  0.2  0.1  0.7  0.0  0.6  0.5  0.2  0.5  0.7  0.3 -0.0  0.2 -0.3 -0.3 -0.3 
MET   0.5 -0.3  0.2 -0.7 -0.8 -0.3 -1.0  0.0 -0.6  0.4  0.3 -0.9  0.2  0.3 -0.1 -0.3 -0.4 -1.1 -0.9 -1.2 
ASP   0.9  0.5  0.3  0.6  0.5  0.3  0.5  0.6  0.4  0.5  0.2  0.6 -0.3  0.4  0.4 -0.6 -0.1  0.3 -0.2 -0.1 
ASN   0.9  0.5  0.4  0.5  0.5  0.0  0.3  0.5  0.3  0.2  0.3  0.4  0.1  0.2  0.2 -0.1  0.1  0.1 -0.3 -0.4 
LEU   0.7 -0.3  0.1 -0.5 -0.8 -0.2 -1.0  0.2 -0.9  0.6  0.4 -1.1  0.2  0.2 -0.1 -0.1 -0.2 -1.2 -0.9 -1.3 
LYS   1.0  0.4  0.2  0.5  0.5  0.2  0.2  0.5  0.2 -0.3  0.1  0.2  0.9 -0.4  0.0  0.3  0.4  0.1 -0.3 -0.1 
GLU   1.3  0.3  0.5  0.5  0.2  0.3  0.1  0.7  0.3  0.4  0.2  0.2 -0.4  0.4  0.0 -0.6 -0.2  0.0 -0.4 -0.2 
GLN   0.8  0.3  0.1  0.8  0.1  0.0  0.0  0.3 -0.1  0.4  0.2 -0.1  0.0  0.0  0.1 -0.1  0.0 -0.1 -0.3 -0.5 
ARG   0.5  0.1  0.1  0.1  0.1 -0.0 -0.2 -0.0 -0.3 -0.6 -0.1 -0.1  0.3 -0.6 -0.1  0.1 -0.0 -0.3 -0.6 -0.6 
HIS   1.0  0.4  0.1 -0.6 -0.1  0.0 -0.2  0.2 -0.4 -0.1  0.1 -0.2  0.4 -0.2  0.0 -0.0 -0.0 -0.3 -0.3 -1.0 
PHE   0.4 -0.4 -0.1 -0.9 -0.8 -0.3 -1.1 -0.3 -1.1  0.3  0.1 -1.2  0.1  0.0 -0.1 -0.3 -0.3 -1.2 -1.2 -1.5 
TYR   0.4 -0.4 -0.1 -0.6 -0.7 -0.3 -0.9 -0.3 -0.9 -0.2 -0.3 -0.9 -0.3 -0.4 -0.3 -0.6 -0.3 -1.2 -0.7 -1.3 
TRP   0.2 -0.5 -0.2 -0.9 -1.1 -0.6 -1.2 -0.3 -1.2 -0.1 -0.4 -1.3 -0.1 -0.2 -0.5 -0.6 -1.0 -1.5 -1.3 -1.2 

MEE   GLY  ALA  SER  CYS  VAL  THR  ILE  PRO  MET  ASP  ASN  LEU  LYS  GLU  GLN  ARG  HIS  PHE  TYR  TRP  
GLY   1.5  1.2  0.8  0.2  0.6  0.5  0.6  0.8  0.3  0.7  0.3  0.5  0.9  0.7  0.7  0.3  0.1 -0.0 -0.3 -0.5 
ALA   1.2  0.4  0.5 -0.3 -0.3  0.2 -0.4  0.3 -0.2  0.5  0.3 -0.2  0.5  0.4  0.4  0.1  0.1 -0.5 -0.4 -0.8 
SER   0.8  0.5  0.4  0.0  0.1  0.1  0.1  0.4  0.2  0.1 -0.1  0.2  0.4  0.1  0.1  0.0 -0.2 -0.1 -0.3 -0.4 
CYS   0.2 -0.3  0.0 -1.4 -0.5 -0.2 -0.5 -0.1 -0.5  0.3  0.2 -0.6  0.3  0.6 -0.0 -0.1 -0.5 -0.8 -0.8 -1.0 
VAL   0.6 -0.3  0.1 -0.5 -0.4  0.1 -0.6 -0.1 -0.5  0.5  0.3 -0.7  0.2  0.4  0.0 -0.0 -0.1 -0.9 -0.7 -1.1 
THR   0.5  0.2  0.1 -0.2  0.1  0.2 -0.0  0.1  0.1 -0.0  0.1  0.0  0.2  0.1  0.1 -0.2 -0.0 -0.2 -0.3 -0.4 
ILE   0.6 -0.4  0.1 -0.5 -0.6 -0.0 -0.8 -0.2 -0.6  0.4  0.3 -0.8  0.3  0.4  0.1  0.0 -0.2 -1.0 -0.8 -1.1 
PRO   0.8  0.3  0.4 -0.1 -0.1  0.1 -0.2  0.5 -0.3  0.6  0.2 -0.0  0.3  0.3  0.0  0.0  0.1 -0.3 -0.8 -0.9 
MET   0.3 -0.2  0.2 -0.5 -0.5  0.1 -0.6 -0.3 -0.3  0.1 -0.2 -0.8  0.0  0.2 -0.1 -0.3 -0.2 -0.9 -0.7 -1.2 
ASP   0.7  0.5  0.1  0.3  0.5 -0.0  0.4  0.6  0.1  0.3 -0.3  0.4 -0.3  0.4  0.1 -0.5 -0.5  0.1 -0.5 -0.4 
ASN   0.3  0.3 -0.1  0.2  0.3  0.1  0.3  0.2 -0.2 -0.3 -0.1  0.2  0.2  0.0  0.2 -0.1 -0.2 -0.1 -0.4 -0.6 
LEU   0.5 -0.2  0.2 -0.6 -0.7  0.0 -0.8 -0.0 -0.8  0.4  0.2 -0.8  0.2  0.4  0.0 -0.1 -0.1 -1.1 -0.8 -1.2 
LYS   0.9  0.5  0.4  0.3  0.2  0.2  0.3  0.3  0.0 -0.3  0.2  0.2  0.8 -0.4  0.0  0.2  0.2 -0.1 -0.5 -0.6 
GLU   0.7  0.4  0.1  0.6  0.4  0.1  0.4  0.3  0.2  0.4  0.0  0.4 -0.4  0.6  0.0 -0.7 -0.3  0.0 -0.4 -0.6 
GLN   0.7  0.4  0.1 -0.0  0.0  0.1  0.1  0.0 -0.1  0.1  0.2  0.0  0.0  0.0  0.1 -0.3 -0.3 -0.4 -0.6 -0.7 
ARG   0.3  0.1  0.0 -0.1 -0.0 -0.2  0.0  0.0 -0.3 -0.5 -0.1 -0.1  0.2 -0.7 -0.3  0.1 -0.2 -0.4 -0.8 -1.1 
HIS   0.1  0.1 -0.2 -0.5 -0.1 -0.0 -0.2  0.1 -0.2 -0.5 -0.2 -0.1  0.2 -0.3 -0.3 -0.2 -0.7 -0.5 -0.8 -0.8 
PHE  -0.0 -0.5 -0.1 -0.8 -0.9 -0.2 -1.0 -0.3 -0.9  0.1 -0.1 -1.1 -0.1  0.0 -0.4 -0.4 -0.5 -1.2 -1.1 -1.5 
TYR  -0.3 -0.4 -0.3 -0.8 -0.7 -0.3 -0.8 -0.8 -0.7 -0.5 -0.4 -0.8 -0.5 -0.4 -0.6 -0.8 -0.8 -1.1 -0.6 -1.5 
TRP  -0.5 -0.8 -0.4 -1.0 -1.1 -0.4 -1.1 -0.9 -1.2 -0.4 -0.6 -1.2 -0.6 -0.6 -0.7 -1.1 -0.8 -1.5 -1.5 -1.2 

MHE   GLY  ALA  SER  CYS  VAL  THR  ILE  PRO  MET  ASP  ASN  LEU  LYS  GLU  GLN  ARG  HIS  PHE  TYR  TRP  
GLY   2.0  1.3  1.0  0.9  1.3  0.9  1.1  1.3  0.9  0.6  0.6  0.9  1.2  1.4  0.9  0.6  1.0  0.5  0.5  0.7 
ALA   1.5  0.9  0.5  0.5  0.4  0.4  0.2  0.8  0.1  0.5  0.6  0.1  1.0  1.1  1.0  0.7  0.7 -0.0  0.2 -0.1 
SER   1.0  1.0  0.4  0.5  0.7  0.5  0.7  0.5  0.4 -0.1  0.1  0.6  0.5  0.5  0.7  0.4  0.1  0.2  0.1  0.2 
CYS   0.6  0.2  0.2 -1.7 -0.2  0.1 -0.6 -0.0 -0.5  0.2  0.3 -0.4  0.4  0.7  0.1 -0.1 -0.5 -0.6 -0.3 -0.6 
VAL   0.7  0.2  0.3 -0.1 -0.4  0.3 -0.5  0.0 -0.5  0.4  0.3 -0.7  0.7  0.5  0.3  0.2  0.1 -0.8 -0.4 -0.6 
THR   0.8  0.5  0.2  0.3  0.2  0.3  0.2  0.1  0.0 -0.3 -0.1 -0.0  0.4  0.5  0.3  0.3  0.1 -0.1  0.0 -0.3 
ILE   0.7 -0.1  0.5 -0.2 -0.6 -0.0 -1.0 -0.1 -0.5  0.5  0.2 -0.8  0.7  0.5  0.3  0.1  0.2 -0.9 -0.6 -0.8 
PRO   1.0  0.7  0.7  0.3  0.4  0.8  0.3  0.5  0.3  0.6  0.2  0.4  0.7  0.7  0.5  0.1  0.1  0.1 -0.4 -0.6 
MET   0.6 -0.0  0.5 -0.1 -0.5  0.1 -0.8  0.1 -0.4  0.3 -0.2 -0.7  0.8  1.0  0.2  0.1  0.0 -0.9 -0.8 -0.8 
ASP   0.7  0.7 -0.2  0.5  0.7 -0.1  0.6  0.3  0.2  0.0 -0.1  0.2 -0.4  0.6  0.2 -0.7 -0.2  0.2 -0.3 -0.1 
ASN   0.7  0.6  0.3  0.8  0.6  0.3  0.6  0.2  0.3 -0.3 -0.2  0.5  0.3  0.3  0.1 -0.2  0.2  0.2 -0.1 -0.5 
LEU   0.9  0.0  0.5 -0.2 -0.6  0.2 -0.9  0.0 -0.7  0.7  0.5 -0.9  0.7  0.8  0.4  0.3  0.1 -1.0 -0.6 -0.8 
LYS   1.2  1.0  0.7  0.8  0.9  0.6  0.7  0.9  0.5 -0.0  0.2  0.5  1.1  0.3  0.7  0.7  0.6  0.3 -0.1  0.1 
GLU   1.0  1.0 -0.1  0.7  0.8 -0.2  0.6  0.4  0.1  0.4  0.0  0.4 -0.0  1.0  0.4 -0.3  0.1  0.2  0.1 -0.1 
GLN   0.8  0.5  0.1  0.3  0.6 -0.2  0.4  0.3 -0.0  0.0 -0.1  0.1  0.3  0.4  0.4 -0.0  0.3  0.1 -0.3 -0.3 
ARG   0.9  0.6  0.3  0.4  0.6  0.1  0.2  0.1  0.0 -0.3  0.1  0.2  0.7 -0.1  0.0  0.1  0.1 -0.1 -0.1 -0.3 
HIS   0.6  0.5 -0.0 -0.7  0.2 -0.1 -0.0  0.1 -0.2 -0.5  0.1 -0.1  0.4  0.2  0.1 -0.1 -0.8 -0.4 -0.4 -0.7 
PHE   0.4 -0.1 -0.0 -0.7 -0.7 -0.1 -1.0 -0.2 -1.1  0.1 -0.1 -1.0  0.4  0.2 -0.1 -0.2 -0.2 -1.2 -0.8 -1.2 
TYR   0.2  0.2 -0.1 -0.2 -0.4 -0.2 -0.7 -0.6 -0.6 -0.4 -0.1 -0.7 -0.1 -0.0  0.1 -0.5 -0.6 -0.9 -0.8 -1.0 
TRP   0.0 -0.6 -0.3 -0.6 -0.8 -0.3 -0.9 -0.9 -1.2 -0.0 -0.3 -1.2 -0.0 -0.0 -0.5 -0.7 -0.6 -1.3 -0.9 -1.1 

MEH   GLY  ALA  SER  CYS  VAL  THR  ILE  PRO  MET  ASP  ASN  LEU  LYS  GLU  GLN  ARG  HIS  PHE  TYR  TRP  
GLY   2.0  1.5  1.0  0.6  0.7  0.8  0.7  1.0  0.6  0.7  0.7  0.9  1.2  1.0  0.8  0.9  0.6  0.4  0.2  0.0 
ALA   1.3  0.9  1.0  0.2  0.2  0.5 -0.1  0.7 -0.0  0.7  0.6  0.0  1.0  1.0  0.5  0.6  0.5 -0.1  0.2 -0.6 
SER   1.0  0.5  0.4  0.2  0.3  0.2  0.5  0.7  0.5 -0.2  0.3  0.5  0.7 -0.1  0.1  0.3 -0.0 -0.0 -0.1 -0.3 
CYS   0.9  0.5  0.5 -1.7 -0.1  0.3 -0.2  0.3 -0.1  0.5  0.8 -0.2  0.8  0.7  0.3  0.4 -0.7 -0.7 -0.2 -0.6 
VAL   1.3  0.4  0.7 -0.2 -0.4  0.2 -0.6  0.4 -0.5  0.7  0.6 -0.6  0.9  0.8  0.6  0.6  0.2 -0.7 -0.4 -0.8 
THR   0.9  0.4  0.5  0.1  0.3  0.3 -0.0  0.8  0.1 -0.1  0.3  0.2  0.6 -0.2 -0.2  0.1 -0.1 -0.1 -0.2 -0.3 
ILE   1.1  0.2  0.7 -0.6 -0.5  0.2 -1.0  0.3 -0.8  0.6  0.6 -0.9  0.7  0.6  0.4  0.2 -0.0 -1.0 -0.7 -0.9 
PRO   1.3  0.8  0.5 -0.0  0.0  0.1 -0.1  0.5  0.1  0.3  0.2  0.0  0.9  0.4  0.3  0.1  0.1 -0.2 -0.6 -0.9 
MET   0.9  0.1  0.4 -0.5 -0.5  0.0 -0.5  0.3 -0.4  0.2  0.3 -0.7  0.5  0.1 -0.0  0.0 -0.2 -1.1 -0.6 -1.2 
ASP   0.6  0.5 -0.1  0.2  0.4 -0.3  0.5  0.6  0.3  0.0 -0.3  0.7 -0.0  0.4  0.0 -0.3 -0.5  0.1 -0.4 -0.0 
ASN   0.6  0.6  0.1  0.3  0.3 -0.1  0.2  0.2 -0.2 -0.1 -0.2  0.5  0.2  0.0 -0.1  0.1  0.1 -0.1 -0.1 -0.3 
LEU   0.9  0.1  0.6 -0.4 -0.7 -0.0 -0.8  0.4 -0.7  0.2  0.5 -0.9  0.5  0.4  0.1  0.2 -0.1 -1.0 -0.7 -1.2 
LYS   1.2  1.0  0.5  0.4  0.7  0.4  0.7  0.7  0.8 -0.4  0.3  0.7  1.1 -0.0  0.3  0.7  0.4  0.4 -0.1 -0.0 
GLU   1.4  1.1  0.5  0.7  0.5  0.5  0.5  0.7  1.0  0.6  0.3  0.8  0.3  1.0  0.4 -0.1  0.2  0.2 -0.0 -0.0 
GLN   0.9  1.0  0.7  0.1  0.3  0.3  0.3  0.5  0.2  0.2  0.1  0.4  0.7  0.4  0.4  0.0  0.1 -0.1  0.1 -0.5 
ARG   0.6  0.7  0.4 -0.1  0.2  0.3  0.1  0.1  0.1 -0.7 -0.2  0.3  0.7 -0.3 -0.0  0.1 -0.1 -0.2 -0.5 -0.7 
HIS   1.0  0.7  0.1 -0.5  0.1  0.1  0.2  0.1  0.0 -0.2  0.2  0.1  0.6  0.1  0.3  0.1 -0.8 -0.2 -0.6 -0.6 
PHE   0.5 -0.0  0.2 -0.6 -0.8 -0.1 -0.9  0.1 -0.9  0.2  0.2 -1.0  0.3  0.2  0.1 -0.1 -0.4 -1.2 -0.9 -1.3 
TYR   0.5  0.2  0.1 -0.3 -0.4  0.0 -0.6 -0.4 -0.8 -0.3 -0.1 -0.6 -0.1  0.1 -0.3 -0.1 -0.4 -0.8 -0.8 -0.9 
TRP   0.7 -0.1  0.2 -0.6 -0.6 -0.3 -0.8 -0.6 -0.8 -0.1 -0.5 -0.8  0.1 -0.1 -0.3 -0.3 -0.7 -1.2 -1.0 -1.1 

AHH   GLY  ALA  SER  CYS  VAL  THR  ILE  PRO  MET  ASP  ASN  LEU  LYS  GLU  GLN  ARG  HIS  PHE  TYR  TRP  
GLY   1.5  0.8  1.1  0.1  0.6  0.8  0.5  0.9  0.4  1.3  1.0  0.6  1.3  1.5  1.1  1.0  0.9  0.2  0.2  0.1 
ALA   0.8  0.0  0.6 -0.4 -0.6  0.2 -0.7  0.3 -0.4  1.4  0.9 -0.5  0.9  1.1  0.8  0.6  0.3 -0.6 -0.6 -0.4 
SER   1.1  0.6  0.8  0.1  0.1  0.8 -0.0  0.4 -0.0  1.1  0.8  0.1  1.0  1.4  1.0  0.7  0.7  0.1  0.1 -0.3 
CYS   0.1 -0.4  0.1 -1.9 -0.8 -0.2 -0.5 -0.5 -0.9  0.9  0.5 -0.7  0.6  0.4  0.2  0.1 -0.4 -1.0 -0.8 -0.8 
VAL   0.6 -0.6  0.1 -0.8 -0.8 -0.2 -1.3 -0.2 -0.8  0.7  0.4 -1.2  0.3  0.5  0.2 -0.2 -0.1 -1.2 -1.0 -1.1 
THR   0.8  0.2  0.8 -0.2 -0.2  0.5 -0.4  0.2 -0.2  1.2  0.6 -0.3  1.3  0.9  0.7  0.3  0.1 -0.3 -0.3 -0.5 
ILE   0.5 -0.7 -0.0 -0.5 -1.3 -0.4 -1.3 -0.2 -1.0  0.7  0.5 -1.3  0.2  0.3  0.0 -0.2 -0.4 -1.4 -1.2 -1.4 
PRO   0.9  0.3  0.4 -0.5 -0.2  0.2 -0.2  0.6 -0.1  0.7  0.5 -0.2  0.7  0.7  0.5  0.2  0.1 -0.5 -0.5 -0.8 
MET   0.4 -0.4 -0.0 -0.9 -0.8 -0.2 -1.0 -0.1 -1.1  0.8  0.3 -1.1  0.6  0.7  0.2 -0.1 -0.3 -1.4 -1.2 -1.3 
ASP   1.3  1.4  1.1  0.9  0.7  1.2  0.7  0.7  0.8  2.1  1.3  0.9  0.8  2.0  1.4  0.3  0.3  0.4 -0.0  0.0 
ASN   1.0  0.9  0.8  0.5  0.4  0.6  0.5  0.5  0.3  1.3  1.0  0.5  1.0  1.3  1.0  0.6  0.8  0.1 -0.2 -0.2 
LEU   0.6 -0.5  0.1 -0.7 -1.2 -0.3 -1.3 -0.2 -1.1  0.9  0.5 -1.3  0.1  0.5 -0.0 -0.2 -0.3 -1.4 -1.2 -1.2 
LYS   1.3  0.9  1.0  0.6  0.3  1.3  0.2  0.7  0.6  0.8  1.0  0.1  2.2  1.0  1.2  1.4  1.0  0.1  0.0 -0.2 
GLU   1.5  1.1  1.4  0.4  0.5  0.9  0.3  0.7  0.7  2.0  1.3  0.5  1.0  1.8  1.3  0.5  0.2  0.3  0.1 -0.1 
GLN   1.1  0.8  1.0  0.2  0.2  0.7  0.0  0.5  0.2  1.4  1.0 -0.0  1.2  1.3  0.9  0.7  0.9 -0.2 -0.0 -0.6 
ARG   1.0  0.6  0.7  0.1 -0.2  0.3 -0.2  0.2 -0.1  0.3  0.6 -0.2  1.4  0.5  0.7  1.2  0.4 -0.4 -0.3 -0.5 
HIS   0.9  0.3  0.7 -0.4 -0.1  0.1 -0.4  0.1 -0.3  0.3  0.8 -0.3  1.0  0.2  0.9  0.4 -0.3 -0.6 -0.6 -0.4 
PHE   0.2 -0.6  0.1 -1.0 -1.2 -0.3 -1.4 -0.5 -1.4  0.4  0.1 -1.4  0.1  0.3 -0.2 -0.4 -0.6 -1.4 -1.4 -1.5 
TYR   0.2 -0.6  0.1 -0.8 -1.0 -0.3 -1.2 -0.5 -1.2 -0.0 -0.2 -1.2  0.0  0.1 -0.0 -0.3 -0.6 -1.4 -0.9 -1.1 
TRP   0.1 -0.4 -0.3 -0.8 -1.1 -0.5 -1.4 -0.8 -1.3  0.0 -0.2 -1.2 -0.2 -0.1 -0.6 -0.5 -0.4 -1.5 -1.1 -0.8 

AEE   GLY  ALA  SER  CYS  VAL  THR  ILE  PRO  MET  ASP  ASN  LEU  LYS  GLU  GLN  ARG  HIS  PHE  TYR  TRP  
GLY   1.0  0.9  0.6  0.3  0.6  0.5  0.4  0.8  0.5  0.6  0.5  0.3  1.4  1.0  0.8  0.7  0.6 -0.2  0.1  0.2 
ALA   0.9  0.9  0.9  0.3 -0.0  0.8 -0.3  0.4 -0.2  1.0  0.6 -0.2  0.9  1.2  0.4  0.7  0.5 -0.5 -0.3 -0.4 
SER   0.6  0.9  1.0  0.3  0.5  0.7  0.4  0.5  0.6  0.8  0.5  0.3  1.0  0.9  0.6  0.4  0.4  0.1 -0.0 -0.4 
CYS   0.3  0.3  0.3 -2.4 -0.1  0.1 -0.5  0.3 -0.5  0.4  0.1 -0.7  0.5  0.6  0.0  0.1 -0.4 -0.8 -0.6 -1.4 
VAL   0.6 -0.0  0.5 -0.1 -0.5  0.4 -0.7  0.2 -0.6  1.1  0.8 -0.8  0.6  0.7  0.4  0.3  0.0 -1.0 -0.5 -1.3 
THR   0.5  0.8  0.7  0.1  0.4  0.7  0.2  0.7  0.2  0.9  0.3  0.2  1.1  1.0  0.6  0.4  0.2 -0.1 -0.1 -0.5 
ILE   0.4 -0.3  0.4 -0.5 -0.7  0.2 -0.9  0.1 -0.8  0.6  0.4 -1.1  0.4  0.7  0.2  0.2  0.1 -1.3 -0.9 -1.3 
PRO   0.8  0.4  0.5  0.3  0.2  0.7  0.1  0.3  0.1  0.5  0.3  0.1  1.2  0.6  0.4  0.4  0.2 -0.2 -0.4 -0.9 
MET   0.5 -0.2  0.6 -0.5 -0.6  0.2 -0.8  0.1  0.1  0.4  0.1 -0.8  0.5  0.3  0.4  0.3 -0.3 -1.0 -0.8 -0.8 
ASP   0.6  1.0  0.8  0.4  1.1  0.9  0.6  0.5  0.4  1.2  0.4  0.7  0.5  1.2  0.5  0.3 -0.0  0.7  0.2  0.2 
ASN   0.5  0.6  0.5  0.1  0.8  0.3  0.4  0.3  0.1  0.4  0.6  0.4  1.2  0.9  0.3  0.4 -0.3  0.2  0.1 -0.5 
LEU   0.3 -0.2  0.3 -0.7 -0.8  0.2 -1.1  0.1 -0.8  0.7  0.4 -0.9  0.2  0.7  0.3  0.0 -0.2 -1.2 -1.1 -1.6 
LYS   1.4  0.9  1.0  0.5  0.6  1.1  0.4  1.2  0.5  0.5  1.2  0.2  1.7  0.8  0.6  1.0  0.6  0.4  0.1  0.4 
GLU   1.0  1.2  0.9  0.6  0.7  1.0  0.7  0.6  0.3  1.2  0.9  0.7  0.8  1.7  0.8  0.3  0.5  0.4  0.1 -0.2 
GLN   0.8  0.4  0.6  0.0  0.4  0.6  0.2  0.4  0.4  0.5  0.3  0.3  0.6  0.8  1.2  0.6  0.6 -0.2 -0.1 -0.4 
ARG   0.7  0.7  0.4  0.1  0.3  0.4  0.2  0.4  0.3  0.3  0.4  0.0  1.0  0.3  0.6  1.0  0.4 -0.2 -0.3 -0.4 
HIS   0.6  0.5  0.4 -0.4  0.0  0.2  0.1  0.2 -0.3 -0.0 -0.3 -0.2  0.6  0.5  0.6  0.4 -0.2 -0.5 -0.4 -0.9 
PHE  -0.2 -0.5  0.1 -0.8 -1.0 -0.1 -1.3 -0.2 -1.0  0.7  0.2 -1.2  0.4  0.4 -0.2 -0.2 -0.5 -1.2 -1.0 -1.5 
TYR   0.1 -0.3 -0.0 -0.6 -0.5 -0.1 -0.9 -0.4 -0.8  0.2  0.1 -1.1  0.1  0.1 -0.1 -0.3 -0.4 -1.0 -0.7 -1.1 
TRP   0.2 -0.4 -0.4 -1.4 -1.3 -0.5 -1.3 -0.9 -0.8  0.2 -0.5 -1.6  0.4 -0.2 -0.4 -0.4 -0.9 -1.5 -1.1 -0.8 

AHE   GLY  ALA  SER  CYS  VAL  THR  ILE  PRO  MET  ASP  ASN  LEU  LYS  GLU  GLN  ARG  HIS  PHE  TYR  TRP  
GLY   1.2  1.2  1.0  0.7  0.7  0.6  0.7  1.1  0.5  0.1  0.1  0.7  1.7  1.5  1.1  0.8  0.9  0.5  0.3  0.6 
ALA   1.0  0.0  0.9 -0.2 -0.6  0.6 -0.8  0.6 -0.5  1.0  0.9 -0.5  1.2  1.3  0.8  0.6  0.3 -0.7 -0.6 -0.6 
SER   1.1  0.9  0.7  0.3  0.2  0.8  0.3  0.7  0.3  0.7  0.6  0.1  0.9  1.3  0.6  0.4  0.4 -0.0 -0.2  0.0 
CYS   0.3 -0.3  0.4 -2.6 -0.8 -0.2 -0.9 -0.4 -0.9  0.5  0.2 -0.9  0.1  1.1  0.4 -0.1 -0.5 -1.3 -1.1 -1.4 
VAL   0.4 -0.3  0.4 -0.5 -1.1  0.2 -1.3  0.0 -0.7  0.6  0.5 -1.1  0.8  0.5  0.3 -0.0 -0.2 -1.3 -1.0 -1.2 
THR   0.8  0.3  0.5 -0.3 -0.1  0.7 -0.4  0.3 -0.3  0.8  0.3 -0.3  0.8  0.8  0.6  0.4 -0.2 -0.5 -0.5 -0.6 
ILE   0.4 -0.5  0.7 -0.4 -1.1  0.0 -1.5 -0.2 -1.0  0.8  0.4 -1.3  0.5  0.5  0.1 -0.1 -0.2 -1.4 -1.2 -1.3 
PRO   1.0  0.7  0.7  0.3  0.3  0.7  0.2  0.4  0.3  1.1  0.6  0.2  1.2  0.8  0.5  0.5 -0.2 -0.0 -0.4 -0.8 
MET   0.2 -0.7  0.4 -0.5 -0.8 -0.2 -1.2 -0.1 -0.9  0.5 -0.0 -1.2  0.9  1.0  0.8 -0.2  0.0 -1.4 -1.0 -1.3 
ASP   1.3  0.8  0.8  0.9  1.0  1.2  0.4  1.0  0.9  1.6  0.7  0.8  0.5  1.9  1.3  0.3  0.3  0.5 -0.2  0.0 
ASN   0.9  0.7  0.7  0.3  0.6  0.4  0.3  0.4  0.4  0.7  0.5  0.3  1.1  1.1  0.8  0.4  0.4 -0.0  0.1 -0.2 
LEU   0.5 -0.5  0.3 -0.6 -1.2  0.1 -1.4 -0.2 -0.8  1.1  0.5 -1.3  0.5  0.7  0.3 -0.0 -0.4 -1.4 -1.2 -1.2 
LYS   1.2  1.0  1.0  0.7  0.3  0.9 -0.0  0.8  0.1  0.7  1.1  0.1  1.5  0.9  0.8  1.7  0.9 -0.2 -0.1 -0.3 
GLU   1.3  1.0  0.9  0.6  0.4  0.8  0.2  0.9  0.5  1.8  0.9  0.3  0.8  1.6  1.6  0.3  0.5 -0.0 -0.2  0.1 
GLN   0.7  0.7  0.7  0.1  0.1  0.6 -0.2  0.3  0.3  0.9  0.5 -0.1  1.3  1.1  1.2  0.7  0.3 -0.3 -0.4 -0.7 
ARG   1.0  0.6  0.7 -0.0  0.1  0.2 -0.2  0.2  0.1  0.0  0.6 -0.3  1.2  0.1  0.4  0.7  0.4 -0.5 -0.5 -0.6 
HIS   0.9 -0.0  0.3 -0.9 -0.2  0.3 -0.2  0.2 -0.1  0.2 -0.1 -0.1  1.0  0.3  1.2  0.3 -0.4 -0.7 -0.7 -0.1 
PHE   0.3 -0.5  0.1 -0.7 -1.2 -0.2 -1.4 -0.3 -1.1  0.4  0.5 -1.3  0.1  0.4 -0.2 -0.3 -0.6 -1.7 -1.2 -1.4 
TYR   0.4 -0.1  0.5 -0.3 -0.7 -0.1 -0.9 -0.5 -1.0 -0.0 -0.0 -0.9  0.2  0.1 -0.5 -0.5 -0.4 -1.2 -0.8 -1.1 
TRP  -0.1 -0.5  0.0 -0.9 -1.0 -0.3 -1.3 -1.0 -1.3  0.2 -0.3 -1.2  0.1  0.1  0.0 -0.7 -0.9 -1.5 -1.2 -1.3 

AEH   GLY  ALA  SER  CYS  VAL  THR  ILE  PRO  MET  ASP  ASN  LEU  LYS  GLU  GLN  ARG  HIS  PHE  TYR  TRP  
GLY   1.2  1.0  1.1  0.3  0.4  0.8  0.4  1.0  0.2  1.3  0.9  0.5  1.2  1.3  0.7  1.0  0.9  0.3  0.4 -0.1 
ALA   1.2  0.0  0.9 -0.3 -0.3  0.3 -0.5  0.7 -0.7  0.8  0.7 -0.5  1.0  1.0  0.7  0.6 -0.0 -0.5 -0.1 -0.5 
SER   1.0  0.9  0.7  0.4  0.4  0.5  0.7  0.7  0.4  0.8  0.7  0.3  1.0  0.9  0.7  0.7  0.3  0.1  0.5  0.0 
CYS   0.7 -0.2  0.3 -2.6 -0.5 -0.3 -0.4  0.3 -0.5  0.9  0.3 -0.6  0.7  0.6  0.1 -0.0 -0.9 -0.7 -0.3 -0.9 
VAL   0.7 -0.6  0.2 -0.8 -1.1 -0.1 -1.1  0.3 -0.8  1.0  0.6 -1.2  0.3  0.4  0.1  0.1 -0.2 -1.2 -0.7 -1.0 
THR   0.6  0.6  0.8 -0.2  0.2  0.7  0.0  0.7 -0.2  1.2  0.4  0.1  0.9  0.8  0.6  0.2  0.3 -0.2 -0.1 -0.3 
ILE   0.7 -0.8  0.3 -0.9 -1.3 -0.4 -1.5  0.2 -1.2  0.4  0.3 -1.4 -0.0  0.2 -0.2 -0.2 -0.2 -1.4 -0.9 -1.3 
PRO   1.1  0.6  0.7 -0.4  0.0  0.3 -0.2  0.4 -0.1  1.0  0.4 -0.2  0.8  0.9  0.3  0.2  0.2 -0.3 -0.5 -1.0 
MET   0.5 -0.5  0.3 -0.9 -0.7 -0.3 -1.0  0.3 -0.9  0.9  0.4 -0.8  0.1  0.5  0.3  0.1 -0.1 -1.1 -1.0 -1.3 
ASP   0.1  1.0  0.7  0.5  0.6  0.8  0.8  1.1  0.5  1.6  0.7  1.1  0.7  1.8  0.9  0.0  0.2  0.4 -0.0  0.2 
ASN   0.1  0.9  0.6  0.2  0.5  0.3  0.4  0.6 -0.0  0.7  0.5  0.5  1.1  0.9  0.5  0.6 -0.1  0.5 -0.0 -0.3 
LEU   0.7 -0.5  0.1 -0.9 -1.1 -0.3 -1.3  0.2 -1.2  0.8  0.3 -1.3  0.1  0.3 -0.1 -0.3 -0.1 -1.3 -0.9 -1.2 
LYS   1.7  1.2  0.9  0.1  0.8  0.8  0.5  1.2  0.9  0.5  1.1  0.5  1.5  0.8  1.3  1.2  1.0  0.1  0.2  0.1 
GLU   1.5  1.3  1.3  1.1  0.5  0.8  0.5  0.8  1.0  1.9  1.1  0.7  0.9  1.6  1.1  0.1  0.3  0.4  0.1  0.1 
GLN   1.1  0.8  0.6  0.4  0.3  0.6  0.1  0.5  0.8  1.3  0.8  0.3  0.8  1.6  1.2  0.4  1.2 -0.2 -0.5  0.0 
ARG   0.8  0.6  0.4 -0.1 -0.0  0.4 -0.1  0.5 -0.2  0.3  0.4 -0.0  1.7  0.3  0.7  0.7  0.3 -0.3 -0.5 -0.7 
HIS   0.9  0.3  0.4 -0.5 -0.2 -0.2 -0.2 -0.2  0.0  0.3  0.4 -0.4  0.9  0.5  0.3  0.4 -0.4 -0.6 -0.4 -0.9 
PHE   0.5 -0.7 -0.0 -1.3 -1.3 -0.5 -1.4 -0.0 -1.4  0.5 -0.0 -1.4 -0.2 -0.0 -0.3 -0.5 -0.7 -1.7 -1.2 -1.5 
TYR   0.3 -0.6 -0.2 -1.1 -1.0 -0.5 -1.2 -0.4 -1.0 -0.2  0.1 -1.2 -0.1 -0.2 -0.4 -0.5 -0.7 -1.2 -0.8 -1.2 
TRP   0.6 -0.6  0.0 -1.4 -1.2 -0.6 -1.3 -0.8 -1.3  0.0 -0.2 -1.2 -0.3  0.1 -0.7 -0.6 -0.1 -1.4 -1.1 -1.3 

PHH   GLY  ALA  SER  CYS  VAL  THR  ILE  PRO  MET  ASP  ASN  LEU  LYS  GLU  GLN  ARG  HIS  PHE  TYR  TRP  
GLY   4.4  4.5  4.7  4.7  4.7  4.7  4.9  4.9  5.0  4.7  4.8  4.9  5.1  4.9  5.1  5.1  5.1  5.2  5.1  5.0 
ALA   4.5  5.1  5.3  5.2  5.4  5.3  5.5  5.6  5.6  5.3  5.4  5.5  5.8  5.7  5.6  5.7  5.7  5.7  5.8  6.0 
SER   4.7  5.3  5.1  5.3  5.5  5.3  5.7  5.6  5.6  5.0  5.3  5.6  5.7  5.5  5.5  5.8  5.5  5.7  5.6  6.1 
CYS   4.7  5.2  5.3  4.7  5.6  5.6  5.7  5.7  5.5  5.3  5.7  5.5  5.7  5.6  5.8  6.1  5.5  5.7  5.5  5.8 
VAL   4.7  5.4  5.5  5.6  6.0  5.8  6.0  5.9  5.7  5.6  5.6  5.7  5.8  5.7  5.7  5.9  5.7  5.8  5.7  5.9 
THR   4.7  5.3  5.3  5.6  5.8  5.6  6.0  5.7  5.7  5.3  5.5  5.7  5.7  5.7  5.7  5.9  5.5  5.7  5.7  5.9 
ILE   4.9  5.5  5.7  5.7  6.0  6.0  6.2  5.9  5.9  5.7  5.8  5.9  6.0  5.9  5.8  6.1  5.9  6.0  6.0  6.3 
PRO   4.9  5.6  5.6  5.7  5.9  5.7  5.9  5.8  5.9  5.7  5.7  5.9  5.9  5.7  5.7  6.1  6.2  6.0  6.1  6.3 
MET   5.0  5.6  5.6  5.5  5.7  5.7  5.9  5.9  5.9  5.9  5.7  5.6  5.8  5.9  5.9  6.2  5.7  5.7  5.8  6.0 
ASP   4.7  5.3  5.0  5.3  5.6  5.3  5.7  5.7  5.9  5.5  5.3  5.5  5.4  5.9  5.4  5.6  5.6  5.9  6.2  6.3 
ASN   4.8  5.4  5.3  5.7  5.6  5.5  5.8  5.7  5.7  5.3  5.4  5.5  5.6  5.7  5.6  6.0  5.6  5.7  5.8  5.9 
LEU   4.9  5.5  5.6  5.5  5.7  5.7  5.9  5.9  5.6  5.5  5.5  5.6  5.8  5.7  5.6  5.9  5.8  5.7  5.9  6.1 
LYS   5.1  5.8  5.7  5.7  5.8  5.7  6.0  5.9  5.8  5.4  5.6  5.8  6.2  5.5  5.8  6.2  5.8  5.9  5.6  5.6 
GLU   4.9  5.7  5.5  5.6  5.7  5.7  5.9  5.7  5.9  5.9  5.7  5.7  5.5  5.9  5.8  5.7  5.7  5.9  5.9  6.1 
GLN   5.1  5.6  5.5  5.8  5.7  5.7  5.8  5.7  5.9  5.4  5.6  5.6  5.8  5.8  5.8  6.2  5.7  5.9  5.8  5.9 
ARG   5.1  5.7  5.8  6.1  5.9  5.9  6.1  6.1  6.2  5.6  6.0  5.9  6.2  5.7  6.2  6.7  5.9  6.2  6.1  6.2 
HIS   5.1  5.7  5.5  5.5  5.7  5.5  5.9  6.2  5.7  5.6  5.6  5.8  5.8  5.7  5.7  5.9  5.8  5.8  6.0  6.2 
PHE   5.2  5.7  5.7  5.7  5.8  5.7  6.0  6.0  5.7  5.9  5.7  5.7  5.9  5.9  5.9  6.2  5.8  6.1  6.2  6.3 
TYR   5.1  5.8  5.6  5.5  5.7  5.7  6.0  6.1  5.8  6.2  5.8  5.9  5.6  5.9  5.8  6.1  6.0  6.2  6.3  6.4 
TRP   5.0  6.0  6.1  5.8  5.9  5.9  6.3  6.3  6.0  6.3  5.9  6.1  5.6  6.1  5.9  6.2  6.2  6.3  6.4  6.6 

PEE   GLY  ALA  SER  CYS  VAL  THR  ILE  PRO  MET  ASP  ASN  LEU  LYS  GLU  GLN  ARG  HIS  PHE  TYR  TRP  
GLY   4.1  4.3  4.5  4.7  4.8  4.7  4.9  4.9  4.9  4.8  4.8  4.9  5.1  4.8  4.8  5.2  5.0  4.9  5.0  4.9 
ALA   4.3  4.7  4.7  4.9  4.9  4.9  5.2  5.0  5.3  5.0  5.0  5.2  5.3  5.1  5.1  5.5  5.1  5.4  5.4  5.8 
SER   4.5  4.7  4.7  4.9  5.2  4.9  5.4  5.2  5.3  4.9  5.1  5.3  5.3  5.1  5.2  5.5  5.2  5.5  5.7  6.0 
CYS   4.7  4.9  4.9  4.4  5.4  5.3  5.5  5.4  5.3  5.3  5.3  5.4  5.6  5.4  5.4  5.6  5.6  5.7  5.8  5.5 
VAL   4.8  4.9  5.2  5.4  5.6  5.6  5.7  5.4  5.5  5.5  5.5  5.6  5.6  5.5  5.5  5.8  5.7  5.8  5.9  6.2 
THR   4.7  4.9  4.9  5.3  5.6  5.2  5.8  5.3  5.5  5.2  5.2  5.5  5.4  5.4  5.3  5.7  5.4  5.9  5.8  6.3 
ILE   4.9  5.2  5.4  5.5  5.7  5.8  5.7  5.6  5.6  5.5  5.6  5.6  5.8  5.5  5.7  5.9  5.7  5.9  6.0  6.4 
PRO   4.9  5.0  5.2  5.4  5.4  5.3  5.6  5.5  5.6  5.4  5.5  5.5  5.6  5.7  5.5  5.8  5.5  5.5  5.6  5.5 
MET   4.9  5.3  5.3  5.3  5.5  5.5  5.6  5.6  5.4  5.5  5.5  5.6  5.7  5.7  5.4  6.0  5.7  5.7  6.1  6.0 
ASP   4.8  5.0  4.9  5.3  5.5  5.2  5.5  5.4  5.5  5.2  5.2  5.5  5.1  5.4  5.3  5.2  5.4  5.8  5.9  6.2 
ASN   4.8  5.0  5.1  5.3  5.5  5.2  5.6  5.5  5.5  5.2  5.3  5.5  5.6  5.3  5.4  5.7  5.5  5.8  5.9  5.9 
LEU   4.9  5.2  5.3  5.4  5.6  5.5  5.6  5.5  5.6  5.5  5.5  5.6  5.8  5.6  5.6  6.0  5.9  5.9  6.0  6.2 
LYS   5.1  5.3  5.3  5.6  5.6  5.4  5.8  5.6  5.7  5.1  5.6  5.8  5.8  5.2  5.4  5.9  5.5  5.9  5.6  5.8 
GLU   4.8  5.1  5.1  5.4  5.5  5.4  5.5  5.7  5.7  5.4  5.3  5.6  5.2  5.4  5.5  5.4  5.5  5.8  5.7  6.2 
GLN   4.8  5.1  5.2  5.4  5.5  5.3  5.7  5.5  5.4  5.3  5.4  5.6  5.4  5.5  5.4  5.6  5.6  5.7  5.7  5.9 
ARG   5.2  5.5  5.5  5.6  5.8  5.7  5.9  5.8  6.0  5.2  5.7  6.0  5.9  5.4  5.6  6.2  6.0  6.2  5.9  5.9 
HIS   5.0  5.1  5.2  5.6  5.7  5.4  5.7  5.5  5.7  5.4  5.5  5.9  5.5  5.5  5.6  6.0  5.7  5.9  5.9  6.0 
PHE   4.9  5.4  5.5  5.7  5.8  5.9  5.9  5.5  5.7  5.8  5.8  5.9  5.9  5.8  5.7  6.2  5.9  6.2  6.4  6.5 
TYR   5.0  5.4  5.7  5.8  5.9  5.8  6.0  5.6  6.1  5.9  5.9  6.0  5.6  5.7  5.7  5.9  5.9  6.4  6.1  6.6 
TRP   4.9  5.8  6.0  5.5  6.2  6.3  6.4  5.5  6.0  6.2  5.9  6.2  5.8  6.2  5.9  5.9  6.0  6.5  6.6  6.9 

PHE   GLY  ALA  SER  CYS  VAL  THR  ILE  PRO  MET  ASP  ASN  LEU  LYS  GLU  GLN  ARG  HIS  PHE  TYR  TRP  
GLY   4.2  4.4  4.6  4.9  5.1  5.0  5.2  5.0  5.0  4.8  4.9  5.1  4.9  4.8  4.9  5.1  5.0  5.1  5.0  4.9 
ALA   4.5  4.8  4.7  5.1  5.2  5.1  5.2  5.1  5.0  4.7  4.8  5.2  5.3  5.3  5.3  5.8  5.2  5.5  5.6  6.0 
SER   4.6  4.8  4.7  5.0  5.2  5.0  5.5  5.3  5.7  4.6  4.9  5.3  5.3  5.2  5.5  5.6  5.4  5.8  5.7  5.4 
CYS   4.7  4.9  5.0  4.6  5.4  5.4  5.5  5.3  5.4  5.2  5.3  5.6  5.9  5.6  6.0  5.7  5.3  5.8  5.9  6.2 
VAL   4.9  5.3  5.2  5.2  5.6  5.7  5.8  5.5  5.5  5.1  5.3  5.6  5.7  5.5  6.0  5.9  5.9  5.9  6.3  6.4 
THR   4.7  5.1  5.0  5.2  5.5  5.4  5.7  5.4  5.7  4.8  5.2  5.6  5.6  5.4  5.4  5.7  5.8  6.0  6.0  6.6 
ILE   4.9  5.5  5.4  5.6  5.8  5.9  5.9  5.7  5.9  5.5  5.4  5.8  6.1  5.7  5.9  6.3  6.1  6.1  6.4  6.6 
PRO   4.9  5.2  5.4  5.3  5.8  5.4  5.9  5.6  5.7  5.5  5.7  5.7  6.0  5.5  5.7  6.5  5.6  5.8  5.6  5.8 
MET   5.0  5.3  5.6  5.4  5.7  5.8  5.9  5.6  5.5  5.8  5.7  5.7  6.0  6.0  6.0  6.1  5.7  6.1  6.1  6.1 
ASP   4.6  5.0  4.9  5.3  5.5  5.2  5.7  5.4  5.4  5.2  5.2  5.6  5.4  5.5  5.5  5.6  5.6  5.9  6.2  6.2 
ASN   4.9  5.2  5.3  5.3  5.7  5.4  5.7  5.6  5.6  5.2  5.3  5.5  5.6  5.5  5.4  5.8  5.6  5.9  6.1  5.8 
LEU   5.1  5.3  5.4  5.5  5.6  5.7  5.8  5.6  5.9  5.3  5.4  5.7  6.0  5.8  5.5  6.1  5.8  6.1  6.1  6.2 
LYS   5.5  5.3  5.4  5.6  5.9  5.9  6.1  5.8  5.8  5.2  5.5  5.9  6.3  5.6  5.6  6.2  6.2  6.1  6.2  5.9 
GLU   4.8  5.2  5.1  5.5  5.5  5.3  5.7  5.4  5.7  5.3  5.3  5.5  5.5  5.9  5.6  5.8  5.6  5.9  6.2  6.3 
GLN   4.9  5.2  5.4  5.9  5.6  5.5  5.8  5.6  5.5  5.5  5.5  5.7  6.0  6.0  5.9  6.3  5.6  6.1  6.2  5.9 
ARG   5.6  5.9  5.9  6.0  5.9  6.2  6.2  6.2  6.0  5.3  5.9  6.0  6.7  5.8  6.3  6.6  6.3  6.6  6.4  6.4 
HIS   5.2  5.3  5.5  5.6  5.9  5.6  5.8  5.7  5.7  5.5  5.5  6.1  6.1  5.6  5.8  6.2  5.7  5.9  6.2  6.0 
PHE   5.2  5.7  5.9  5.7  5.9  6.0  6.1  5.6  6.1  6.0  5.9  6.1  6.2  6.3  6.3  6.6  5.9  6.3  6.6  6.8 
TYR   5.1  5.9  6.0  6.0  6.0  6.0  6.0  6.0  6.5  6.3  5.6  6.4  6.0  6.4  6.1  6.3  6.2  6.3  6.2  6.7 
TRP   5.4  5.8  6.0  6.1  6.2  6.1  6.3  5.9  6.6  6.2  5.6  6.3  6.4  6.6  6.2  6.4  5.7  6.4  6.6  6.8 

PEH   GLY  ALA  SER  CYS  VAL  THR  ILE  PRO  MET  ASP  ASN  LEU  LYS  GLU  GLN  ARG  HIS  PHE  TYR  TRP  
GLY   4.2  4.5  4.6  4.7  4.9  4.7  4.9  4.9  5.0  4.6  4.9  5.1  5.5  4.8  4.9  5.6  5.2  5.2  5.1  5.4 
ALA   4.4  4.8  4.8  4.9  5.3  5.1  5.5  5.2  5.3  5.0  5.2  5.3  5.3  5.2  5.2  5.9  5.3  5.7  5.9  5.8 
SER   4.6  4.7  4.7  5.0  5.2  5.0  5.4  5.4  5.6  4.9  5.3  5.4  5.4  5.1  5.4  5.9  5.5  5.9  6.0  6.0 
CYS   4.9  5.1  5.0  4.6  5.2  5.2  5.6  5.3  5.4  5.3  5.3  5.5  5.6  5.5  5.9  6.0  5.6  5.7  6.0  6.1 
VAL   5.1  5.2  5.2  5.4  5.6  5.5  5.8  5.8  5.7  5.5  5.7  5.6  5.9  5.5  5.6  5.9  5.9  5.9  6.0  6.2 
THR   5.0  5.1  5.0  5.4  5.7  5.4  5.9  5.4  5.8  5.2  5.4  5.7  5.9  5.3  5.5  6.2  5.6  6.0  6.0  6.1 
ILE   5.2  5.2  5.5  5.5  5.8  5.7  5.9  5.9  5.9  5.7  5.7  5.8  6.1  5.7  5.8  6.2  5.8  6.1  6.0  6.3 
PRO   5.0  5.1  5.3  5.3  5.5  5.4  5.7  5.6  5.6  5.4  5.6  5.6  5.8  5.4  5.6  6.2  5.7  5.6  6.0  5.9 
MET   5.0  5.0  5.7  5.4  5.5  5.7  5.9  5.7  5.5  5.4  5.6  5.9  5.8  5.7  5.5  6.0  5.7  6.1  6.5  6.6 
ASP   4.8  4.7  4.6  5.2  5.1  4.8  5.5  5.5  5.8  5.2  5.2  5.3  5.2  5.3  5.5  5.3  5.5  6.0  6.3  6.2 
ASN   4.9  4.8  4.9  5.3  5.3  5.2  5.4  5.7  5.7  5.2  5.3  5.4  5.5  5.3  5.5  5.9  5.5  5.9  5.6  5.6 
LEU   5.1  5.2  5.3  5.6  5.6  5.6  5.8  5.7  5.7  5.6  5.5  5.7  5.9  5.5  5.7  6.0  6.1  6.1  6.4  6.3 
LYS   4.9  5.3  5.3  5.9  5.7  5.6  6.1  6.0  6.0  5.4  5.6  6.0  6.3  5.5  6.0  6.7  6.1  6.2  6.0  6.4 
GLU   4.8  5.3  5.2  5.6  5.5  5.4  5.7  5.5  6.0  5.5  5.5  5.8  5.6  5.9  6.0  5.8  5.6  6.3  6.4  6.6 
GLN   4.9  5.3  5.5  6.0  6.0  5.4  5.9  5.7  6.0  5.5  5.4  5.5  5.6  5.6  5.9  6.3  5.8  6.3  6.1  6.2 
ARG   5.1  5.8  5.6  5.7  5.9  5.7  6.3  6.5  6.1  5.6  5.8  6.1  6.2  5.8  6.3  6.6  6.2  6.6  6.3  6.4 
HIS   5.0  5.2  5.4  5.3  5.9  5.8  6.1  5.6  5.7  5.6  5.6  5.8  6.2  5.6  5.6  6.3  5.7  5.9  6.2  5.7 
PHE   5.1  5.5  5.8  5.8  5.9  6.0  6.1  5.8  6.1  5.9  5.9  6.1  6.1  5.9  6.1  6.6  5.9  6.3  6.3  6.4 
TYR   5.0  5.6  5.7  5.9  6.3  6.0  6.4  5.6  6.1  6.2  6.1  6.1  6.2  6.2  6.2  6.4  6.2  6.6  6.2  6.6 
TRP   4.9  6.0  5.4  6.2  6.4  6.6  6.6  5.8  6.1  6.2  5.8  6.2  5.9  6.3  5.9  6.4  6.0  6.8  6.7  6.8 

MHH   GLY  ALA  SER  CYS  VAL  THR  ILE  PRO  MET  ASP  ASN  LEU  LYS  GLU  GLN  ARG  HIS  PHE  TYR  TRP  
GLY   4.1  4.5  4.6  4.6  4.9  4.8  4.9  4.9  5.1  4.7  4.7  5.0  5.1  4.9  5.0  5.2  4.8  5.2  5.4  5.6 
ALA   4.5  5.1  5.2  5.3  5.4  5.3  5.5  5.4  5.6  5.4  5.4  5.5  5.9  5.8  5.7  6.0  5.6  5.7  5.9  5.9 
SER   4.6  5.2  5.3  5.5  5.5  5.4  5.6  5.5  5.8  5.3  5.4  5.8  5.9  5.8  5.7  6.1  5.8  5.8  6.0  6.0 
CYS   4.6  5.3  5.5  4.4  5.6  5.6  5.7  5.5  5.7  5.5  5.5  5.7  6.4  6.0  5.7  6.1  5.8  5.9  5.8  5.9 
VAL   4.9  5.4  5.5  5.6  5.7  5.7  5.8  5.7  5.8  5.8  5.7  5.9  6.2  5.9  5.9  6.1  5.8  6.1  6.1  6.2 
THR   4.8  5.3  5.4  5.6  5.7  5.6  5.9  5.7  6.0  5.5  5.6  5.9  6.1  5.9  5.9  6.2  6.1  6.1  6.2  6.4 
ILE   4.9  5.5  5.6  5.7  5.8  5.9  6.0  5.8  5.9  5.9  5.8  6.1  6.2  6.0  5.9  6.3  6.2  6.2  6.2  6.4 
PRO   4.9  5.4  5.5  5.5  5.7  5.7  5.8  5.7  5.9  5.7  5.6  5.9  6.1  5.8  5.9  6.1  6.0  5.9  6.0  6.0 
MET   5.1  5.6  5.8  5.7  5.8  6.0  5.9  5.9  6.0  6.0  5.9  6.0  6.2  6.2  6.1  6.3  6.0  6.1  6.3  6.3 
ASP   4.7  5.4  5.3  5.5  5.8  5.5  5.9  5.7  6.0  5.7  5.6  5.9  5.8  6.1  5.9  5.9  5.7  6.2  6.3  6.6 
ASN   4.7  5.4  5.4  5.5  5.7  5.6  5.8  5.6  5.9  5.6  5.6  5.8  5.9  5.9  5.9  5.9  5.8  6.0  6.2  6.5 
LEU   5.0  5.5  5.8  5.7  5.9  5.9  6.1  5.9  6.0  5.9  5.8  6.1  6.2  6.0  5.9  6.3  6.1  6.2  6.2  6.3 
LYS   5.1  5.9  5.9  6.4  6.2  6.1  6.2  6.1  6.2  5.8  5.9  6.2  6.6  5.9  6.0  6.6  6.0  6.2  6.1  6.3 
GLU   4.9  5.8  5.8  6.0  5.9  5.9  6.0  5.8  6.2  6.1  5.9  6.0  5.9  6.3  6.2  6.0  6.0  6.3  6.3  6.5 
GLN   5.0  5.7  5.7  5.7  5.9  5.9  5.9  5.9  6.1  5.9  5.9  5.9  6.0  6.2  5.9  6.2  5.9  6.2  6.3  6.3 
ARG   5.2  6.0  6.1  6.1  6.1  6.2  6.3  6.1  6.3  5.9  5.9  6.3  6.6  6.0  6.2  6.9  6.2  6.4  6.4  6.4 
HIS   4.8  5.6  5.8  5.8  5.8  6.1  6.2  6.0  6.0  5.7  5.8  6.1  6.0  6.0  5.9  6.2  5.9  6.2  6.2  6.3 
PHE   5.2  5.7  5.8  5.9  6.1  6.1  6.2  5.9  6.1  6.2  6.0  6.2  6.2  6.3  6.2  6.4  6.2  6.2  6.3  6.4 
TYR   5.4  5.9  6.0  5.8  6.1  6.2  6.2  6.0  6.3  6.3  6.2  6.2  6.1  6.3  6.3  6.4  6.2  6.3  6.4  6.5 
TRP   5.6  5.9  6.0  5.9  6.2  6.4  6.4  6.0  6.3  6.6  6.5  6.3  6.3  6.5  6.3  6.4  6.3  6.4  6.5  6.9 

MEE   GLY  ALA  SER  CYS  VAL  THR  ILE  PRO  MET  ASP  ASN  LEU  LYS  GLU  GLN  ARG  HIS  PHE  TYR  TRP  
GLY   4.1  4.4  4.5  4.7  4.9  4.8  5.1  4.9  5.0  4.7  4.9  5.0  5.1  4.8  4.9  5.3  5.0  4.9  5.0  5.2 
ALA   4.4  4.7  4.8  5.1  5.4  5.2  5.5  5.1  5.4  5.0  5.1  5.4  5.3  5.2  5.3  5.5  5.2  5.5  5.5  5.8 
SER   4.5  4.8  4.9  5.1  5.4  5.2  5.7  5.3  5.5  4.9  5.3  5.5  5.5  5.2  5.4  5.6  5.4  5.7  5.8  5.9 
CYS   4.7  5.1  5.1  4.4  5.5  5.4  5.7  5.5  5.5  5.5  5.4  5.6  5.9  5.7  5.5  5.9  5.7  5.7  5.9  5.8 
VAL   4.9  5.4  5.4  5.5  5.8  5.7  5.9  5.6  5.9  5.7  5.7  5.8  6.1  5.8  5.8  6.2  6.0  6.0  6.1  6.3 
THR   4.8  5.2  5.2  5.4  5.7  5.5  5.9  5.6  5.7  5.5  5.6  5.8  5.8  5.5  5.5  6.0  5.7  6.1  6.0  6.4 
ILE   5.1  5.5  5.7  5.7  5.9  5.9  6.1  5.8  6.0  5.9  5.7  6.1  6.1  6.0  6.0  6.4  5.9  6.1  6.2  6.4 
PRO   4.9  5.1  5.3  5.5  5.6  5.6  5.8  5.5  5.7  5.6  5.4  5.6  5.8  5.5  5.5  5.8  5.6  5.6  5.8  5.7 
MET   5.0  5.4  5.5  5.5  5.9  5.7  6.0  5.7  6.1  5.5  5.6  6.0  6.1  5.9  5.9  6.1  6.2  6.1  6.2  6.5 
ASP   4.7  5.0  4.9  5.5  5.7  5.5  5.9  5.6  5.5  5.3  5.4  5.7  5.6  5.7  5.6  5.8  5.5  5.9  6.1  6.6 
ASN   4.9  5.1  5.3  5.4  5.7  5.6  5.7  5.4  5.6  5.4  5.5  5.8  5.8  5.7  5.7  6.2  5.7  5.9  6.0  5.9 
LEU   5.0  5.4  5.5  5.6  5.8  5.8  6.1  5.6  6.0  5.7  5.8  6.0  6.2  6.0  5.8  6.2  5.9  6.1  6.1  6.3 
LYS   5.1  5.3  5.5  5.9  6.1  5.8  6.1  5.8  6.1  5.6  5.8  6.2  6.4  5.5  5.6  6.3  5.8  6.1  6.0  6.3 
GLU   4.8  5.2  5.2  5.7  5.8  5.5  6.0  5.5  5.9  5.7  5.7  6.0  5.5  5.6  5.8  5.7  5.7  6.2  6.2  6.6 
GLN   4.9  5.3  5.4  5.5  5.8  5.5  6.0  5.5  5.9  5.6  5.7  5.8  5.6  5.8  6.0  6.1  6.0  6.2  6.1  6.4 
ARG   5.3  5.5  5.6  5.9  6.2  6.0  6.4  5.8  6.1  5.8  6.2  6.2  6.3  5.7  6.1  6.8  6.0  6.1  6.2  6.1 
HIS   5.0  5.2  5.4  5.7  6.0  5.7  5.9  5.6  6.2  5.5  5.7  5.9  5.8  5.7  6.0  6.0  5.9  6.0  6.4  6.1 
PHE   4.9  5.5  5.7  5.7  6.0  6.1  6.1  5.6  6.1  5.9  5.9  6.1  6.1  6.2  6.2  6.1  6.0  6.5  6.4  6.8 
TYR   5.0  5.5  5.8  5.9  6.1  6.0  6.2  5.8  6.2  6.1  6.0  6.1  6.0  6.2  6.1  6.2  6.4  6.4  6.4  6.9 
TRP   5.2  5.8  5.9  5.8  6.3  6.4  6.4  5.7  6.5  6.6  5.9  6.3  6.3  6.6  6.4  6.1  6.1  6.8  6.9  7.1 

MHE   GLY  ALA  SER  CYS  VAL  THR  ILE  PRO  MET  ASP  ASN  LEU  LYS  GLU  GLN  ARG  HIS  PHE  TYR  TRP  
GLY   4.2  4.4  4.5  4.6  4.8  4.7  5.0  4.8  5.0  4.7  4.9  5.0  5.0  4.9  4.9  5.2  4.8  5.1  5.2  5.3 
ALA   4.5  4.8  4.8  5.0  5.2  5.1  5.4  5.1  5.4  4.9  5.0  5.3  5.4  5.2  5.4  5.6  5.2  5.5  5.6  5.8 
SER   4.5  5.0  4.8  5.2  5.3  5.1  5.5  5.4  5.7  4.8  5.0  5.4  5.6  5.2  5.4  5.7  5.6  5.6  5.8  6.0 
CYS   4.8  5.0  5.2  4.4  5.5  5.5  5.5  5.5  5.7  5.2  5.4  5.6  5.5  6.3  5.7  6.1  5.8  5.9  6.0  6.2 
VAL   4.9  5.3  5.3  5.7  5.8  5.6  5.9  5.5  5.9  5.4  5.6  5.9  5.7  5.7  5.8  6.1  5.7  6.0  6.0  6.2 
THR   4.7  5.1  5.0  5.4  5.6  5.4  5.8  5.5  5.9  5.0  5.3  5.7  5.9  5.4  5.6  6.1  5.6  6.1  6.2  6.3 
ILE   5.2  5.4  5.6  5.8  5.9  5.9  6.2  5.7  6.1  5.8  5.6  6.2  6.2  6.0  6.1  6.3  6.3  6.3  6.2  6.5 
PRO   4.8  5.2  5.2  5.4  5.5  5.6  5.8  5.7  6.0  5.5  5.6  5.8  6.0  5.8  5.7  6.2  5.8  5.7  5.9  5.8 
MET   5.2  5.6  5.7  5.7  5.8  5.8  6.0  5.6  5.9  5.9  5.9  6.0  6.3  5.8  5.5  6.3  5.9  5.9  5.9  6.3 
ASP   4.7  4.9  4.8  5.3  5.4  5.1  5.7  5.4  5.4  5.3  5.3  5.5  5.5  5.6  5.8  5.7  5.6  5.8  6.1  6.2 
ASN   4.9  5.0  5.1  5.6  5.5  5.3  5.6  5.6  5.9  5.4  5.4  5.6  5.7  5.7  5.7  6.1  5.7  5.7  5.9  6.0 
LEU   5.1  5.5  5.6  5.8  5.9  5.9  6.1  5.7  6.1  5.7  5.7  6.1  6.1  6.0  6.0  6.2  5.9  6.1  6.1  6.3 
LYS   5.3  5.4  5.6  6.2  5.9  5.9  6.1  5.8  5.9  5.8  5.8  5.9  6.4  5.8  5.9  6.5  6.4  5.9  5.8  6.1 
GLU   4.8  4.9  5.0  5.4  5.5  5.1  5.7  5.5  5.5  5.5  5.4  5.5  5.8  5.8  5.8  6.0  5.8  5.9  6.1  6.3 
GLN   4.8  5.2  5.2  5.5  5.6  5.2  5.7  5.5  5.9  5.5  5.4  5.6  6.0  5.8  5.7  6.0  6.0  5.8  6.1  6.3 
ARG   5.4  5.6  6.0  6.0  6.1  6.2  6.1  6.0  6.0  5.8  6.3  6.1  6.8  5.9  6.1  6.5  6.2  6.3  6.5  5.7 
HIS   5.0  5.2  5.3  5.6  5.7  5.7  5.9  5.4  6.2  5.5  5.9  5.8  5.8  5.7  6.1  6.1  5.8  6.0  6.0  6.1 
PHE   5.2  5.6  5.8  5.9  6.0  6.1  6.2  5.8  6.2  6.2  6.0  6.2  6.0  6.1  6.4  6.5  6.1  6.4  6.2  6.5 
TYR   5.3  5.6  6.1  6.2  6.0  6.2  6.2  5.8  6.2  6.0  6.2  6.1  6.1  6.3  6.2  6.3  6.2  6.4  6.5  6.7 
TRP   5.4  5.7  6.1  6.2  6.3  6.5  6.4  5.8  6.6  6.2  6.5  6.4  6.2  6.8  6.3  6.3  6.1  6.5  6.8  7.0 

MEH   GLY  ALA  SER  CYS  VAL  THR  ILE  PRO  MET  ASP  ASN  LEU  LYS  GLU  GLN  ARG  HIS  PHE  TYR  TRP  
GLY   4.2  4.5  4.5  4.8  4.9  4.7  5.2  4.8  5.2  4.7  4.9  5.1  5.3  4.8  4.8  5.4  5.0  5.2  5.3  5.4 
ALA   4.4  4.8  5.0  5.0  5.3  5.1  5.4  5.2  5.6  4.9  5.0  5.5  5.4  4.9  5.2  5.6  5.2  5.6  5.6  5.7 
SER   4.5  4.8  4.8  5.2  5.3  5.0  5.6  5.2  5.7  4.8  5.1  5.6  5.6  5.0  5.2  6.0  5.3  5.8  6.1  6.1 
CYS   4.6  5.0  5.2  4.4  5.7  5.4  5.8  5.4  5.7  5.3  5.6  5.8  6.2  5.4  5.5  6.0  5.6  5.9  6.2  6.2 
VAL   4.8  5.2  5.3  5.5  5.8  5.6  5.9  5.5  5.8  5.4  5.5  5.9  5.9  5.5  5.6  6.1  5.7  6.0  6.0  6.3 
THR   4.7  5.1  5.1  5.5  5.6  5.4  5.9  5.6  5.8  5.1  5.3  5.9  5.9  5.1  5.2  6.2  5.7  6.1  6.2  6.5 
ILE   5.0  5.4  5.5  5.5  5.9  5.8  6.2  5.8  6.0  5.7  5.6  6.1  6.1  5.7  5.7  6.1  5.9  6.2  6.2  6.4 
PRO   4.8  5.1  5.4  5.5  5.5  5.5  5.7  5.7  5.6  5.4  5.6  5.7  5.8  5.5  5.5  6.0  5.4  5.8  5.8  5.8 
MET   5.0  5.4  5.7  5.7  5.9  5.9  6.1  6.0  5.9  5.4  5.9  6.1  5.9  5.5  5.9  6.0  6.2  6.2  6.2  6.6 
ASP   4.7  4.9  4.8  5.2  5.4  5.0  5.8  5.5  5.9  5.3  5.4  5.7  5.8  5.5  5.5  5.8  5.5  6.2  6.0  6.2 
ASN   4.9  5.0  5.0  5.4  5.6  5.3  5.6  5.6  5.9  5.3  5.4  5.7  5.8  5.4  5.4  6.3  5.9  6.0  6.2  6.5 
LEU   5.0  5.3  5.4  5.6  5.9  5.7  6.2  5.8  6.0  5.5  5.6  6.1  5.9  5.5  5.6  6.1  5.8  6.2  6.1  6.4 
LYS   5.0  5.4  5.6  5.5  5.7  5.9  6.2  6.0  6.3  5.5  5.7  6.1  6.4  5.8  6.0  6.8  5.8  6.0  6.1  6.2 
GLU   4.9  5.2  5.2  6.3  5.7  5.4  6.0  5.8  5.8  5.6  5.7  6.0  5.8  5.8  5.8  5.9  5.7  6.1  6.3  6.8 
GLN   4.9  5.4  5.4  5.7  5.8  5.6  6.1  5.7  5.5  5.8  5.7  6.0  5.9  5.8  5.7  6.1  6.1  6.4  6.2  6.3 
ARG   5.2  5.6  5.7  6.1  6.1  6.1  6.3  6.2  6.3  5.7  6.1  6.2  6.5  6.0  6.0  6.5  6.1  6.5  6.3  6.3 
HIS   4.8  5.2  5.6  5.8  5.7  5.6  6.3  5.8  5.9  5.6  5.7  5.9  6.4  5.8  6.0  6.2  5.8  6.1  6.2  6.1 
PHE   5.1  5.5  5.6  5.9  6.0  6.1  6.3  5.7  5.9  5.8  5.7  6.1  5.9  5.9  5.8  6.3  6.0  6.4  6.4  6.5 
TYR   5.2  5.6  5.8  6.0  6.0  6.2  6.2  5.9  5.9  6.1  5.9  6.1  5.8  6.1  6.1  6.5  6.0  6.2  6.5  6.8 
TRP   5.3  5.8  6.0  6.2  6.2  6.3  6.5  5.8  6.3  6.2  6.0  6.3  6.1  6.3  6.3  5.7  6.1  6.5  6.7  7.0 

AHH   GLY  ALA  SER  CYS  VAL  THR  ILE  PRO  MET  ASP  ASN  LEU  LYS  GLU  GLN  ARG  HIS  PHE  TYR  TRP  
GLY   4.0  4.4  4.5  4.7  4.9  4.6  5.0  4.9  5.1  4.6  4.7  5.1  4.9  4.8  5.0  5.1  4.6  5.1  5.0  5.0 
ALA   4.4  4.6  4.7  5.0  5.2  5.0  5.3  5.2  5.4  5.1  4.9  5.3  5.3  5.1  5.2  5.5  5.1  5.5  5.5  5.7 
SER   4.5  4.7  4.8  5.1  5.3  5.1  5.4  5.3  5.4  4.8  5.0  5.5  5.3  5.2  5.3  5.6  5.4  5.6  5.7  5.8 
CYS   4.7  5.0  5.1  4.1  5.4  5.4  5.6  5.1  5.5  5.0  5.0  5.6  5.5  5.5  5.2  5.9  6.0  5.6  5.7  5.8 
VAL   4.9  5.2  5.3  5.4  5.6  5.5  5.7  5.6  5.7  5.4  5.3  5.8  5.6  5.5  5.5  5.8  5.6  5.9  5.8  6.3 
THR   4.6  5.0  5.1  5.4  5.5  5.4  5.8  5.5  5.7  5.0  5.3  5.7  5.8  5.3  5.4  5.8  5.4  5.9  5.9  6.2 
ILE   5.0  5.3  5.4  5.6  5.7  5.8  6.0  6.1  5.9  5.7  5.7  6.0  5.8  5.7  5.9  5.9  5.7  6.1  6.0  6.3 
PRO   4.9  5.2  5.3  5.1  5.6  5.5  6.1  5.7  6.0  5.9  5.4  6.0  6.0  5.8  5.4  6.1  5.5  6.0  5.9  6.6 
MET   5.1  5.4  5.4  5.5  5.7  5.7  5.9  6.0  5.7  5.8  5.4  5.9  5.7  5.8  5.5  6.0  5.8  5.9  6.0  6.2 
ASP   4.6  5.1  4.8  5.0  5.4  5.0  5.7  5.9  5.8  5.3  5.6  5.7  5.7  5.5  5.6  5.9  5.6  5.9  6.1  6.3 
ASN   4.7  4.9  5.0  5.0  5.3  5.3  5.7  5.4  5.4  5.6  5.4  5.7  5.7  5.5  5.3  6.0  5.5  5.8  5.8  6.1 
LEU   5.1  5.3  5.5  5.6  5.8  5.7  6.0  6.0  5.9  5.7  5.7  6.0  5.7  5.7  5.7  6.0  5.6  6.1  5.9  6.4 
LYS   4.9  5.3  5.3  5.5  5.6  5.8  5.8  6.0  5.7  5.7  5.7  5.7  6.5  5.8  5.8  6.5  5.6  5.7  5.7  5.8 
GLU   4.8  5.1  5.2  5.5  5.5  5.3  5.7  5.8  5.8  5.5  5.5  5.7  5.8  5.8  6.0  6.0  5.8  5.9  6.1  6.2 
GLN   5.0  5.2  5.3  5.2  5.5  5.4  5.9  5.4  5.5  5.6  5.3  5.7  5.8  6.0  5.6  5.9  5.6  5.7  6.0  5.9 
ARG   5.1  5.5  5.6  5.9  5.8  5.8  5.9  6.1  6.0  5.9  6.0  6.0  6.5  6.0  5.9  6.4  6.1  5.8  5.9  5.8 
HIS   4.6  5.1  5.4  6.0  5.6  5.4  5.7  5.5  5.8  5.6  5.5  5.6  5.6  5.8  5.6  6.1  5.8  5.7  6.2  6.2 
PHE   5.1  5.5  5.6  5.6  5.9  5.9  6.1  6.0  5.9  5.9  5.8  6.1  5.7  5.9  5.7  5.8  5.7  6.0  6.1  6.4 
TYR   5.0  5.5  5.7  5.7  5.8  5.9  6.0  5.9  6.0  6.1  5.8  5.9  5.7  6.1  6.0  5.9  6.2  6.1  6.2  6.4 
TRP   5.0  5.7  5.8  5.8  6.3  6.2  6.3  6.6  6.2  6.3  6.1  6.4  5.8  6.2  5.9  5.8  6.2  6.4  6.4  6.6 

AEE   GLY  ALA  SER  CYS  VAL  THR  ILE  PRO  MET  ASP  ASN  LEU  LYS  GLU  GLN  ARG  HIS  PHE  TYR  TRP  
GLY   4.0  4.3  4.4  4.7  5.0  4.8  5.0  4.7  5.0  4.8  4.7  4.9  5.1  5.1  4.9  5.3  5.1  5.1  5.3  5.4 
ALA   4.3  4.8  4.9  5.1  5.3  5.2  5.6  5.2  5.5  4.8  4.9  5.5  5.3  5.2  5.0  5.7  5.4  5.6  5.7  6.0 
SER   4.4  4.9  4.9  5.3  5.4  5.1  5.6  5.3  5.7  5.2  5.3  5.6  5.8  5.3  5.3  5.9  5.5  5.9  5.8  5.8 
CYS   4.7  5.1  5.3  4.1  5.8  5.5  5.9  5.4  5.7  5.2  5.5  5.8  5.6  5.5  5.7  6.1  5.9  6.0  6.1  6.0 
VAL   5.0  5.3  5.4  5.8  5.7  5.7  6.0  5.6  6.0  5.5  5.8  6.1  6.1  5.9  5.8  6.3  5.8  6.0  6.0  6.3 
THR   4.8  5.2  5.1  5.5  5.7  5.5  6.0  5.5  5.9  5.4  5.5  5.9  5.7  5.5  5.5  6.0  5.7  6.1  6.2  6.5 
ILE   5.0  5.6  5.6  5.9  6.0  6.0  6.2  5.9  6.2  5.8  5.7  6.3  6.1  6.2  6.0  6.5  6.0  6.3  6.2  6.5 
PRO   4.7  5.2  5.3  5.4  5.6  5.5  5.9  5.5  5.7  5.5  5.6  5.8  5.9  5.7  5.6  6.3  5.5  5.7  5.7  5.8 
MET   5.0  5.5  5.7  5.7  6.0  5.9  6.2  5.7  6.3  5.8  5.7  6.3  6.0  6.1  6.0  6.2  6.1  6.3  6.2  7.0 
ASP   4.8  4.8  5.2  5.2  5.5  5.4  5.8  5.5  5.8  5.6  5.4  5.6  5.8  5.3  5.8  5.9  5.5  6.2  6.3  6.2 
ASN   4.7  4.9  5.3  5.5  5.8  5.5  5.7  5.6  5.7  5.4  5.6  6.0  5.7  5.8  5.4  6.3  5.8  5.9  6.3  6.2 
LEU   4.9  5.5  5.6  5.8  6.1  5.9  6.3  5.8  6.3  5.6  6.0  6.3  6.2  6.2  5.9  6.5  6.0  6.3  6.2  6.2 
LYS   5.1  5.3  5.8  5.6  6.1  5.7  6.1  5.9  6.0  5.8  5.7  6.2  6.3  5.9  6.2  7.3  6.3  6.3  6.6  6.4 
GLU   5.1  5.2  5.3  5.5  5.9  5.5  6.2  5.7  6.1  5.3  5.8  6.2  5.9  6.3  6.0  6.1  6.4  6.3  6.5  6.7 
GLN   4.9  5.0  5.3  5.7  5.8  5.5  6.0  5.6  6.0  5.8  5.4  5.9  6.2  6.0  5.6  6.3  6.0  6.2  6.5  6.6 
ARG   5.3  5.7  5.9  6.1  6.3  6.0  6.5  6.3  6.2  5.9  6.3  6.5  7.3  6.1  6.3  6.8  6.1  6.3  6.5  6.2 
HIS   5.1  5.4  5.5  5.9  5.8  5.7  6.0  5.5  6.1  5.5  5.8  6.0  6.3  6.4  6.0  6.1  5.8  5.9  6.2  6.2 
PHE   5.1  5.6  5.9  6.0  6.0  6.1  6.3  5.7  6.3  6.2  5.9  6.3  6.3  6.3  6.2  6.3  5.9  6.4  6.6  6.8 
TYR   5.3  5.7  5.8  6.1  6.0  6.2  6.2  5.7  6.2  6.3  6.3  6.2  6.6  6.5  6.5  6.5  6.2  6.6  6.7  6.7 
TRP   5.4  6.0  5.8  6.0  6.3  6.5  6.5  5.8  7.0  6.2  6.2  6.2  6.4  6.7  6.6  6.2  6.2  6.8  6.7  6.9 

AHE   GLY  ALA  SER  CYS  VAL  THR  ILE  PRO  MET  ASP  ASN  LEU  LYS  GLU  GLN  ARG  HIS  PHE  TYR  TRP  
GLY   4.0  4.4  4.5  4.7  4.9  4.8  5.2  4.7  5.1  5.0  4.8  5.2  5.0  5.1  5.1  5.4  5.2  5.3  5.1  5.4 
ALA   4.3  4.8  4.8  5.1  5.2  5.2  5.4  5.1  5.4  5.0  5.2  5.5  5.3  5.2  5.4  5.6  5.1  5.5  5.4  5.9 
SER   4.5  4.8  4.7  4.9  5.3  5.2  5.5  5.0  5.7  5.2  5.2  5.5  5.8  5.1  5.4  5.6  5.4  5.6  5.7  5.8 
CYS   4.7  5.0  4.9  4.1  5.5  5.3  5.8  5.2  5.5  5.4  5.9  5.6  5.7  5.1  5.4  6.4  5.9  5.8  5.7  6.0 
VAL   4.9  5.3  5.3  5.6  5.7  5.7  6.0  5.6  6.0  5.7  5.7  5.9  6.0  5.7  5.9  6.0  5.5  6.0  6.1  6.2 
THR   4.9  5.1  5.1  5.6  5.6  5.5  5.9  5.5  5.8  5.2  5.5  5.9  6.0  5.4  5.6  6.0  5.7  6.0  6.1  6.4 
ILE   5.2  5.5  5.5  5.8  5.9  5.8  6.1  5.7  6.2  5.8  5.8  6.2  6.2  5.9  6.0  6.2  5.9  6.1  5.9  6.4 
PRO   4.7  5.2  5.1  5.5  5.6  5.6  6.0  5.5  5.9  5.6  5.5  6.0  6.0  6.0  5.8  6.3  6.1  5.9  6.0  6.0 
MET   5.1  5.5  5.5  5.7  5.9  5.9  6.0  5.6  5.9  6.0  6.3  6.1  5.9  5.5  5.8  5.7  5.9  6.1  5.9  6.4 
ASP   4.8  4.9  5.0  5.4  5.5  5.2  5.6  5.3  5.6  5.4  5.4  5.7  5.8  5.8  5.8  5.8  5.6  5.9  6.0  6.3 
ASN   4.6  5.2  5.2  5.1  5.4  5.5  5.6  5.4  5.7  5.7  5.5  5.6  5.8  5.8  5.7  6.0  5.7  6.0  6.0  6.1 
LEU   5.1  5.6  5.5  5.8  6.0  5.9  6.2  5.7  6.2  5.8  5.6  6.2  5.9  5.9  5.9  6.2  5.8  6.2  6.0  6.2 
LYS   5.2  5.6  5.5  5.7  5.7  5.7  5.9  5.5  5.9  5.8  5.9  6.0  6.7  5.7  6.1  6.5  5.9  6.1  6.2  5.5 
GLU   4.9  5.1  5.1  5.2  5.4  5.4  5.6  5.6  5.7  5.7  5.6  5.8  6.0  6.0  5.8  6.0  5.9  5.9  6.0  6.4 
GLN   4.9  5.0  5.4  5.3  5.5  5.5  5.8  5.6  5.9  6.0  5.8  5.7  6.3  5.6  6.1  5.9  5.8  5.9  5.9  6.6 
ARG   5.4  5.7  5.7  5.9  6.0  6.1  5.9  6.0  6.2  5.9  6.3  6.0  6.7  5.9  6.0  7.0  5.9  6.2  6.4  6.1 
HIS   5.2  5.2  5.4  5.8  5.6  5.6  5.8  5.4  5.6  5.5  5.7  5.7  6.0  6.0  5.7  6.1  5.7  5.9  6.0  5.7 
PHE   5.3  5.6  5.6  5.7  6.0  5.9  6.1  5.7  6.2  5.5  5.9  6.0  5.7  5.8  6.0  6.0  5.8  6.1  6.2  6.4 
TYR   5.1  5.6  5.6  5.7  5.9  6.0  6.0  5.8  6.3  6.5  6.0  6.0  6.1  6.2  6.1  6.2  5.9  6.2  6.1  6.5 
TRP   5.4  5.6  6.0  5.9  6.2  6.2  6.4  6.0  6.4  6.0  6.1  6.2  6.4  6.7  6.4  6.3  6.5  6.6  6.8  6.6 

AEH   GLY  ALA  SER  CYS  VAL  THR  ILE  PRO  MET  ASP  ASN  LEU  LYS  GLU  GLN  ARG  HIS  PHE  TYR  TRP  
GLY   4.0  4.3  4.5  4.7  4.9  4.9  5.2  4.7  5.1  4.8  4.6  5.1  5.2  4.9  4.9  5.4  5.2  5.3  5.1  5.4 
ALA   4.4  4.8  4.8  5.0  5.3  5.1  5.5  5.2  5.5  4.9  5.2  5.6  5.6  5.1  5.0  5.7  5.2  5.6  5.6  5.6 
SER   4.5  4.8  4.7  4.9  5.3  5.1  5.5  5.1  5.5  5.0  5.2  5.5  5.5  5.1  5.4  5.7  5.4  5.6  5.6  6.0 
CYS   4.7  5.1  4.9  4.1  5.6  5.6  5.8  5.5  5.7  5.4  5.1  5.8  5.7  5.2  5.3  5.9  5.8  5.7  5.7  5.9 
VAL   4.9  5.2  5.3  5.5  5.7  5.6  5.9  5.6  5.9  5.5  5.4  6.0  5.7  5.4  5.5  6.0  5.6  6.0  5.9  6.2 
THR   4.8  5.2  5.2  5.3  5.7  5.5  5.8  5.6  5.9  5.2  5.5  5.9  5.7  5.4  5.5  6.1  5.6  5.9  6.0  6.2 
ILE   5.2  5.4  5.5  5.8  6.0  5.9  6.1  6.0  6.0  5.6  5.6  6.2  5.9  5.6  5.8  5.9  5.8  6.1  6.0  6.4 
PRO   4.7  5.1  5.0  5.2  5.6  5.5  5.7  5.5  5.6  5.3  5.4  5.7  5.5  5.6  5.6  6.0  5.4  5.7  5.8  6.0 
MET   5.1  5.4  5.7  5.5  6.0  5.8  6.2  5.9  5.9  5.6  5.7  6.2  5.9  5.7  5.9  6.2  5.6  6.2  6.3  6.4 
ASP   5.0  5.0  5.2  5.4  5.7  5.2  5.8  5.6  6.0  5.4  5.7  5.8  5.8  5.7  6.0  5.9  5.5  5.5  6.5  6.0 
ASN   4.8  5.2  5.2  5.9  5.7  5.5  5.8  5.5  6.3  5.4  5.5  5.6  5.9  5.6  5.8  6.3  5.7  5.9  6.0  6.1 
LEU   5.2  5.5  5.5  5.6  5.9  5.9  6.2  6.0  6.1  5.7  5.6  6.2  6.0  5.8  5.7  6.0  5.7  6.0  6.0  6.2 
LYS   5.0  5.3  5.8  5.7  6.0  6.0  6.2  6.0  5.9  5.8  5.8  5.9  6.7  6.0  6.3  6.7  6.0  5.7  6.1  6.4 
GLU   5.1  5.2  5.1  5.1  5.7  5.4  5.9  6.0  5.5  5.8  5.8  5.9  5.7  6.0  5.6  5.9  6.0  5.8  6.2  6.7 
GLN   5.1  5.4  5.4  5.4  5.9  5.6  6.0  5.8  5.8  5.8  5.7  5.9  6.1  5.8  6.1  6.0  5.7  6.0  6.1  6.4 
ARG   5.4  5.6  5.6  6.4  6.0  6.0  6.2  6.3  5.7  5.8  6.0  6.2  6.5  6.0  5.9  7.0  6.1  6.0  6.2  6.3 
HIS   5.2  5.1  5.4  5.9  5.5  5.7  5.9  6.1  5.9  5.6  5.7  5.8  5.9  5.9  5.8  5.9  5.7  5.8  5.9  6.5 
PHE   5.3  5.5  5.6  5.8  6.0  6.0  6.1  5.9  6.1  5.9  6.0  6.2  6.1  5.9  5.9  6.2  5.9  6.1  6.2  6.6 
TYR   5.1  5.4  5.7  5.7  6.1  6.1  5.9  6.0  5.9  6.0  6.0  6.0  6.2  6.0  5.9  6.4  6.0  6.2  6.1  6.8 
TRP   5.4  5.9  5.8  6.0  6.2  6.4  6.4  6.0  6.4  6.3  6.1  6.2  5.5  6.4  6.6  6.1  5.7  6.4  6.5  6.6 

