GLY GLY
  2.00   2.00   2.00   2.00   2.00  -1.28  -1.28   0.33 
GLY ALA
  2.00   2.00   2.00   2.00   2.00  -1.15  -1.39   0.25 
GLY SER
  2.00   2.00   2.00   2.00   2.00  -0.90  -1.51   0.05 
GLY CYS
  2.00   2.00   2.00   2.00   2.00  -1.10  -1.35  -0.08 
GLY VAL
  2.00   2.00   2.00   2.00   2.00  -0.80  -1.55  -0.03 
GLY THR
  2.00   2.00   2.00   2.00   2.00  -0.91  -1.52   0.13 
GLY ILE
  2.00   2.00   2.00   2.00   2.00  -0.88  -1.47  -0.15 
GLY PRO
  2.00   2.00   2.00   2.00   2.00   0.38  -1.87   0.21 
GLY MET
  2.00   2.00   2.00   2.00   2.00  -0.96  -1.42  -0.14 
GLY ASP
  2.00   2.00   2.00   2.00   2.00  -0.99  -1.46   0.11 
GLY ASN
  2.00   2.00   2.00   2.00   2.00  -1.13  -1.41   0.22 
GLY LEU
  2.00   2.00   2.00   2.00   2.00  -1.03  -1.43   0.07 
GLY LYS
  2.00   2.00   2.00   2.00   2.00  -0.79  -1.59   0.17 
GLY GLU
  2.00   2.00   2.00   2.00   2.00  -1.09  -1.43   0.27 
GLY GLN
  2.00   2.00   2.00   2.00   2.00  -1.05  -1.47   0.34 
GLY ARG
  2.00   2.00   2.00   2.00   2.00  -0.89  -1.56   0.30 
GLY HIS
  2.00   2.00   2.00   2.00   2.00  -1.13  -1.42   0.35 
GLY PHE
  2.00   2.00   2.00   2.00   2.00  -1.15  -1.33   0.04 
GLY TYR
  2.00   2.00   2.00   2.00   2.00  -1.08  -1.41   0.11 
GLY TRP
  2.00   2.00   2.00   2.00   2.00  -0.92  -1.46  -0.11 
ALA GLY
  2.00   2.00   2.00   2.00   2.00  -1.39  -1.18   0.41 
ALA ALA
  2.00   2.00   2.00   2.00   2.00  -1.26  -1.26   0.20 
ALA SER
  2.00   2.00   2.00   2.00   2.00  -1.30  -1.25   0.31 
ALA CYS
  2.00   2.00   2.00   2.00   2.00  -1.32  -1.19   0.11 
ALA VAL
  2.00   2.00   2.00   2.00   2.00  -1.11  -1.42   0.18 
ALA THR
  2.00   2.00   2.00   2.00   2.00  -1.21  -1.31   0.11 
ALA ILE
  2.00   2.00   2.00   2.00   2.00  -1.24  -1.30   0.17 
ALA PRO
  2.00   2.00   2.00   2.00   2.00  -0.14  -1.81   0.34 
ALA MET
  2.00   2.00   2.00   2.00   2.00  -1.40  -1.07  -0.04 
ALA ASP
  2.00   2.00   2.00   2.00   2.00  -1.28  -1.24   0.16 
ALA ASN
  2.00   2.00   2.00   2.00   2.00  -1.37  -1.20   0.37 
ALA LEU
  2.00   2.00   2.00   2.00   2.00  -1.21  -1.36   0.36 
ALA LYS
  2.00   2.00   2.00   2.00   2.00  -1.30  -1.23   0.16 
ALA GLU
  2.00   2.00   2.00   2.00   2.00  -1.40  -1.19   0.53 
ALA GLN
  2.00   2.00   2.00   2.00   2.00  -1.37  -1.19   0.32 
ALA ARG
  2.00   2.00   2.00   2.00   2.00  -1.41  -1.18   0.55 
ALA HIS
  2.00   2.00   2.00   2.00   2.00  -1.22  -1.39   0.59 
ALA PHE
  2.00   2.00   2.00   2.00   2.00  -1.29  -1.26   0.31 
ALA TYR
  2.00   2.00   2.00   2.00   1.56  -1.31  -1.21   0.31 
ALA TRP
  2.00   2.00   2.00   2.00   1.76  -1.48  -1.01   0.37 
SER GLY
  2.00   2.00   2.00   2.00   2.00  -1.49  -1.09   0.61 
SER ALA
  2.00   2.00   2.00   2.00   2.00  -1.48  -0.98   0.20 
SER SER
  2.00   2.00   2.00   2.00   2.00  -1.44  -1.06   0.24 
SER CYS
  2.00   2.00   2.00   2.00   2.00  -1.42  -1.09   0.22 
SER VAL
  2.00   2.00   2.00   2.00   2.00  -1.31  -1.18   0.05 
SER THR
  2.00   2.00   2.00   2.00   1.96  -1.37  -1.14   0.24 
SER ILE
  2.00   2.00   2.00   2.00   2.00  -1.31  -1.14  -0.11 
SER PRO
  2.00   2.00   2.00   2.00   2.00  -0.13  -1.78   0.08 
SER MET
  2.00   2.00   2.00   2.00   2.00  -1.42  -1.04   0.08 
SER ASP
  2.00   2.00   2.00   2.00   2.00  -1.58  -0.89   0.49 
SER ASN
  2.00   2.00   2.00   2.00   2.00  -1.51  -0.95   0.25 
SER LEU
  2.00   2.00   2.00   2.00   2.00  -1.46  -1.04   0.21 
SER LYS
  2.00   2.00   2.00   2.00   2.00  -1.54  -1.01   0.65 
SER GLU
  2.00   2.00   2.00   2.00   1.75  -1.66  -0.70   0.63 
SER GLN
  2.00   2.00   2.00   2.00   2.00  -1.51  -1.00   0.50 
SER ARG
  2.00   2.00   2.00   2.00   2.00  -1.50  -1.06   0.62 
SER HIS
  2.00   2.00   2.00   2.00   2.00  -1.52  -0.96   0.33 
SER PHE
  2.00   2.00   2.00   2.00   1.91  -1.45  -0.98   0.11 
SER TYR
  2.00   2.00   2.00   2.00   2.00  -1.46  -1.03   0.22 
SER TRP
  2.00   2.00   2.00   2.00   2.00  -1.43  -1.05   0.05 
CYS GLY
  2.00   2.00   2.00   2.00   2.00  -1.39  -1.26   0.78 
CYS ALA
  2.00   2.00   2.00   2.00   2.00  -1.44  -1.15   0.53 
CYS SER
  2.00   2.00   2.00   2.00   2.00  -1.46  -1.08   0.43 
CYS CYS
  2.00   2.00   2.00   2.00   1.53  -1.41  -1.20   1.02 
CYS VAL
  2.00   2.00   2.00   2.00   2.00  -1.39  -1.18   0.49 
CYS THR
  2.00   2.00   2.00   2.00   2.00  -1.48  -1.01   0.20 
CYS ILE
  2.00   2.00   2.00   2.00   2.00  -1.31  -1.27   0.43 
CYS PRO
  2.00   2.00   2.00   2.00   2.00  -0.35  -1.79   0.66 
CYS MET
  2.00   2.00   2.00   2.00   1.70  -1.29  -1.34   1.01 
CYS ASP
  2.00   2.00   2.00   2.00   1.75  -1.37  -1.15   0.31 
CYS ASN
  2.00   2.00   2.00   2.00   2.00  -1.47  -0.97   0.01 
CYS LEU
  2.00   2.00   2.00   2.00   2.00  -1.37  -1.26   0.63 
CYS LYS
  2.00   2.00   2.00   2.00   2.00  -1.41  -1.18   0.58 
CYS GLU
  2.00   2.00   2.00   2.00   2.00  -1.43  -1.11   0.37 
CYS GLN
  2.00   2.00   2.00   2.00   2.00  -1.46  -1.25   2.00 
CYS ARG
  2.00   2.00   2.00   2.00   2.00  -1.32  -1.28   0.66 
CYS HIS
  2.00   2.00   2.00   2.00   2.00  -1.38  -1.24   0.51 
CYS PHE
  2.00   2.00   2.00   2.00   2.00  -1.32  -1.17   0.08 
CYS TYR
  2.00   2.00   2.00   2.00   2.00  -1.32  -1.21   0.19 
CYS TRP
  2.00   2.00   2.00   2.00   1.56  -1.21  -1.33   0.46 
VAL GLY
  2.00   2.00   2.00   2.00   2.00  -1.17  -1.40   0.45 
VAL ALA
  2.00   2.00   2.00   2.00   2.00  -0.99  -1.46   0.09 
VAL SER
  2.00   2.00   2.00   2.00   2.00  -1.10  -1.41   0.20 
VAL CYS
  2.00   2.00   2.00   2.00   2.00  -1.05  -1.42   0.02 
VAL VAL
  2.00   2.00   2.00   2.00   2.00  -0.77  -1.65   0.44 
VAL THR
  2.00   2.00   2.00   2.00   2.00  -0.99  -1.53   0.40 
VAL ILE
  2.00   2.00   2.00   2.00   2.00  -0.60  -1.69   0.29 
VAL PRO
  2.00   2.00   2.00   2.00   2.00  -0.01  -1.81   0.16 
VAL MET
  2.00   2.00   2.00   2.00   2.00  -1.07  -1.49   0.65 
VAL ASP
  2.00   2.00   2.00   2.00   2.00  -1.04  -1.43   0.07 
VAL ASN
  2.00   2.00   2.00   2.00   2.00  -1.09  -1.43   0.22 
VAL LEU
  2.00   2.00   2.00   2.00   2.00  -0.72  -1.65   0.36 
VAL LYS
  2.00   2.00   2.00   2.00   2.00  -1.07  -1.43   0.23 
VAL GLU
  2.00   2.00   2.00   2.00   2.00  -1.03  -1.43   0.01 
VAL GLN
  2.00   2.00   2.00   2.00   2.00  -1.08  -1.41   0.16 
VAL ARG
  2.00   2.00   2.00   2.00   2.00  -1.11  -1.42   0.36 
VAL HIS
  2.00   2.00   2.00   2.00   2.00  -1.14  -1.43   0.46 
VAL PHE
  2.00   2.00   2.00   2.00   2.00  -0.72  -1.60   0.05 
VAL TYR
  2.00   2.00   2.00   2.00   2.00  -1.08  -1.41   0.13 
VAL TRP
  2.00   2.00   2.00   2.00   2.00  -1.03  -1.45   0.05 
THR GLY
  2.00   2.00   2.00   2.00   2.00  -1.30  -1.29   0.49 
THR ALA
  2.00   2.00   2.00   2.00   2.00  -1.40  -1.11   0.24 
THR SER
  2.00   2.00   2.00   2.00   2.00  -1.24  -1.29   0.14 
THR CYS
  2.00   2.00   2.00   2.00   2.00  -1.23  -1.13  -0.31 
THR VAL
  2.00   2.00   2.00   2.00   2.00  -1.06  -1.39  -0.01 
THR THR
  2.00   2.00   2.00   2.00   2.00  -1.20  -1.34   0.19 
THR ILE
  2.00   2.00   2.00   2.00   2.00  -0.94  -1.43  -0.19 
THR PRO
  2.00   2.00   2.00   2.00   2.00  -0.12  -1.81   0.30 
THR MET
  2.00   2.00   2.00   2.00   2.00  -1.25  -1.24  -0.01 
THR ASP
  2.00   2.00   2.00   2.00   2.00  -1.50  -0.93   0.14 
THR ASN
  2.00   2.00   2.00   2.00   2.00  -1.39  -1.17   0.40 
THR LEU
  2.00   2.00   2.00   2.00   2.00  -1.24  -1.31   0.24 
THR LYS
  2.00   2.00   2.00   2.00   2.00  -1.42  -1.14   0.45 
THR GLU
  2.00   2.00   2.00   2.00   2.00  -1.66  -0.75   0.58 
THR GLN
  2.00   2.00   2.00   2.00   2.00  -1.47  -1.08   0.45 
THR ARG
  2.00   2.00   2.00   2.00   1.98  -1.30  -1.26   0.41 
THR HIS
  2.00   2.00   2.00   2.00   2.00  -1.36  -1.19   0.33 
THR PHE
  2.00   2.00   2.00   2.00   2.00  -1.21  -1.29   0.03 
THR TYR
  2.00   2.00   2.00   2.00   2.00  -1.16  -1.33   0.05 
THR TRP
  2.00   2.00   2.00   2.00   2.00  -1.18  -1.26  -0.14 
ILE GLY
  2.00   2.00   2.00   2.00   2.00  -1.09  -1.47   0.44 
ILE ALA
  2.00   2.00   2.00   2.00   2.00  -0.99  -1.47   0.11 
ILE SER
  2.00   2.00   2.00   2.00   2.00  -1.06  -1.43   0.09 
ILE CYS
  2.00   2.00   2.00   2.00   2.00  -1.17  -1.26  -0.09 
ILE VAL
  2.00   2.00   2.00   2.00   2.00  -0.72  -1.67   0.48 
ILE THR
  2.00   2.00   2.00   2.00   2.00  -0.96  -1.50   0.18 
ILE ILE
  2.00   2.00   2.00   2.00   2.00  -0.56  -1.74   0.67 
ILE PRO
  2.00   2.00   2.00   2.00   2.00  -0.01  -1.79   0.02 
ILE MET
  2.00   2.00   2.00   2.00   2.00  -0.97  -1.47   0.13 
ILE ASP
  2.00   2.00   2.00   2.00   2.00  -1.26  -1.29   0.24 
ILE ASN
  2.00   2.00   2.00   2.00   2.00  -1.03  -1.48   0.26 
ILE LEU
  2.00   2.00   2.00   2.00   2.00  -0.76  -1.62   0.24 
ILE LYS
  2.00   2.00   2.00   2.00   2.00  -0.96  -1.52   0.26 
ILE GLU
  2.00   2.00   2.00   2.00   2.00  -0.98  -1.48   0.12 
ILE GLN
  2.00   2.00   2.00   2.00   2.00  -1.17  -1.41   0.47 
ILE ARG
  2.00   2.00   2.00   2.00   2.00  -1.04  -1.46   0.17 
ILE HIS
  2.00   2.00   2.00   2.00   2.00  -0.99  -1.53   0.42 
ILE PHE
  2.00   2.00   2.00   2.00   2.00  -0.83  -1.53  -0.08 
ILE TYR
  2.00   2.00   2.00   2.00   2.00  -1.01  -1.43   0.00 
ILE TRP
  2.00   2.00   2.00   2.00   2.00  -0.93  -1.57   0.39 
PRO GLY
  2.00   2.00   2.00   2.00   2.00  -1.29  -1.32   0.54 
PRO ALA
  2.00   2.00   2.00   2.00   2.00  -1.40  -1.16   0.29 
PRO SER
  2.00   2.00   2.00   2.00   2.00  -1.48  -1.06   0.41 
PRO CYS
  2.00   2.00   2.00   2.00   2.00  -1.25  -1.23  -0.03 
PRO VAL
  2.00   2.00   2.00   2.00   2.00  -1.28  -1.26   0.21 
PRO THR
  2.00   2.00   2.00   2.00   2.00  -1.30  -1.25   0.27 
PRO ILE
  2.00   2.00   2.00   2.00   2.00  -1.15  -1.36   0.07 
PRO PRO
  2.00   2.00   2.00   2.00   2.00   0.06  -1.84   0.25 
PRO MET
  2.00   2.00   2.00   2.00   2.00  -1.38  -1.10   0.08 
PRO ASP
  2.00   2.00   2.00   2.00   2.00  -1.51  -0.95   0.22 
PRO ASN
  2.00   2.00   2.00   2.00   2.00  -1.42  -1.13   0.42 
PRO LEU
  2.00   2.00   2.00   2.00   2.00  -1.26  -1.31   0.33 
PRO LYS
  2.00   2.00   2.00   2.00   2.00  -1.28  -1.28   0.29 
PRO GLU
  2.00   2.00   2.00   2.00   2.00  -1.48  -1.02   0.34 
PRO GLN
  2.00   2.00   2.00   2.00   2.00  -1.39  -1.21   0.51 
PRO ARG
  2.00   2.00   2.00   2.00   2.00  -1.20  -1.35   0.31 
PRO HIS
  2.00   2.00   2.00   2.00   2.00  -1.42  -1.13   0.38 
PRO PHE
  2.00   2.00   2.00   2.00   2.00  -1.32  -1.26   0.49 
PRO TYR
  2.00   2.00   2.00   2.00   2.00  -1.44  -1.06   0.21 
PRO TRP
  2.00   2.00   2.00   2.00   2.00  -1.53  -0.89   0.22 
MET GLY
  2.00   2.00   2.00   2.00   2.00  -1.20  -1.41   0.68 
MET ALA
  2.00   2.00   2.00   2.00   2.00  -1.01  -1.46   0.14 
MET SER
  2.00   2.00   2.00   2.00   2.00  -1.05  -1.37  -0.12 
MET CYS
  2.00   2.00   2.00   2.00   2.00  -1.13  -1.39   0.22 
MET VAL
  2.00   2.00   2.00   2.00   2.00  -0.87  -1.60   0.50 
MET THR
  2.00   2.00   2.00   2.00   2.00  -1.00  -1.48   0.14 
MET ILE
  2.00   2.00   2.00   2.00   2.00  -0.74  -1.61   0.15 
MET PRO
  2.00   2.00   2.00   2.00   2.00  -0.00  -1.81   0.19 
MET MET
  2.00   2.00   2.00   2.00   2.00  -1.24  -1.39   0.59 
MET ASP
  2.00   2.00   2.00   2.00   1.49  -1.26  -1.19   0.04 
MET ASN
  2.00   2.00   2.00   2.00   2.00  -1.16  -1.37   0.24 
MET LEU
  2.00   2.00   2.00   2.00   2.00  -1.01  -1.47   0.20 
MET LYS
  2.00   2.00   2.00   2.00   2.00  -1.01  -1.45   0.10 
MET GLU
  2.00   2.00   2.00   2.00   2.00  -1.06  -1.38  -0.06 
MET GLN
  2.00   2.00   2.00   2.00   2.00  -1.26  -1.33   0.46 
MET ARG
  2.00   2.00   2.00   2.00   2.00  -1.16  -1.45   0.63 
MET HIS
  2.00   2.00   2.00   2.00   2.00  -1.18  -1.40   0.35 
MET PHE
  2.00   2.00   2.00   2.00   2.00  -1.11  -1.36  -0.01 
MET TYR
  2.00   2.00   2.00   2.00   2.00  -0.98  -1.44  -0.09 
MET TRP
  2.00   2.00   2.00   2.00   2.00  -1.07  -1.40  -0.02 
ASP GLY
  2.00   2.00   2.00   2.00   2.00  -1.62  -0.86   0.67 
ASP ALA
  2.00   2.00   2.00   2.00   2.00  -1.60  -0.83   0.34 
ASP SER
  2.00   2.00   2.00   2.00   2.00  -1.74  -0.56   0.80 
ASP CYS
  2.00   2.00   2.00   2.00   2.00  -1.43  -1.04   0.15 
ASP VAL
  2.00   2.00   2.00   2.00   2.00  -1.14  -1.27  -0.23 
ASP THR
  2.00   2.00   2.00   2.00   2.00  -1.54  -0.95   0.41 
ASP ILE
  2.00   2.00   2.00   2.00   2.00  -1.14  -1.25  -0.31 
ASP PRO
  2.00   2.00   2.00   2.00   2.00  -0.07  -1.80   0.17 
ASP MET
  2.00   2.00   2.00   2.00   2.00  -1.30  -1.06  -0.32 
ASP ASP
  2.00   2.00   2.00   2.00   2.00  -1.54  -0.96   0.41 
ASP ASN
  2.00   2.00   2.00   2.00   2.00  -1.73  -0.59   0.78 
ASP LEU
  2.00   2.00   2.00   2.00   2.00  -1.38  -1.11   0.05 
ASP LYS
  2.00   2.00   2.00   2.00   2.00  -1.62  -0.89   0.88 
ASP GLU
  2.00   2.00   2.00   2.00   2.00  -1.57  -0.90   0.38 
ASP GLN
  2.00   2.00   2.00   2.00   2.00  -1.62  -0.87   0.65 
ASP ARG
  2.00   2.00   2.00   2.00   2.00  -1.68  -0.77   0.89 
ASP HIS
  2.00   2.00   2.00   2.00   1.94  -1.50  -0.98   0.33 
ASP PHE
  2.00   2.00   2.00   2.00   2.00  -1.40  -1.10   0.14 
ASP TYR
  2.00   2.00   2.00   2.00   2.00  -1.37  -1.16   0.24 
ASP TRP
  2.00   2.00   2.00   2.00   1.74  -1.33  -1.05  -0.17 
ASN GLY
  2.00   2.00   2.00   2.00   2.00  -1.45  -1.15   0.68 
ASN ALA
  2.00   2.00   2.00   2.00   2.00  -1.45  -1.03   0.24 
ASN SER
  2.00   2.00   2.00   2.00   2.00  -1.30  -1.26   0.28 
ASN CYS
  2.00   2.00   2.00   2.00   1.86  -1.22  -1.25   0.07 
ASN VAL
  2.00   2.00   2.00   2.00   2.00  -1.15  -1.32  -0.05 
ASN THR
  2.00   2.00   2.00   2.00   2.00  -1.28  -1.24   0.11 
ASN ILE
  2.00   2.00   2.00   2.00   2.00  -1.26  -1.24   0.04 
ASN PRO
  2.00   2.00   2.00   2.00   2.00   0.02  -1.82   0.23 
ASN MET
  2.00   2.00   2.00   2.00   2.00  -1.40  -1.24   0.70 
ASN ASP
  2.00   2.00   2.00   2.00   2.00  -1.56  -0.92   0.40 
ASN ASN
  2.00   2.00   2.00   2.00   2.00  -1.51  -1.06   0.67 
ASN LEU
  2.00   2.00   2.00   2.00   2.00  -1.43  -1.12   0.34 
ASN LYS
  2.00   2.00   2.00   2.00   2.00  -1.49  -1.08   0.62 
ASN GLU
  2.00   2.00   2.00   2.00   2.00  -1.59  -0.93   0.62 
ASN GLN
  2.00   2.00   2.00   2.00   2.00  -1.50  -1.08   0.69 
ASN ARG
  2.00   2.00   2.00   2.00   2.00  -1.43  -1.14   0.42 
ASN HIS
  2.00   2.00   2.00   2.00   2.00  -1.37  -1.21   0.42 
ASN PHE
  2.00   2.00   2.00   2.00   2.00  -1.38  -1.11   0.09 
ASN TYR
  2.00   2.00   2.00   2.00   2.00  -1.39  -1.13   0.17 
ASN TRP
  2.00   2.00   2.00   2.00   2.00  -1.35  -1.15   0.04 
LEU GLY
  2.00   2.00   2.00   2.00   2.00  -1.10  -1.44   0.34 
LEU ALA
  2.00   2.00   2.00   2.00   2.00  -1.14  -1.37   0.15 
LEU SER
  2.00   2.00   2.00   2.00   2.00  -1.27  -1.31   0.40 
LEU CYS
  2.00   2.00   2.00   2.00   2.00  -1.16  -1.42   0.47 
LEU VAL
  2.00   2.00   2.00   2.00   2.00  -1.01  -1.53   0.59 
LEU THR
  2.00   2.00   2.00   2.00   2.00  -1.17  -1.39   0.33 
LEU ILE
  2.00   2.00   2.00   2.00   2.00  -1.11  -1.43   0.34 
LEU PRO
  2.00   2.00   2.00   2.00   2.00   0.02  -1.81   0.15 
LEU MET
  2.00   2.00   2.00   2.00   2.00  -1.18  -1.41   0.57 
LEU ASP
  2.00   2.00   2.00   2.00   2.00  -1.11  -1.40   0.15 
LEU ASN
  2.00   2.00   2.00   2.00   2.00  -1.31  -1.24   0.29 
LEU LEU
  2.00   2.00   2.00   2.00   2.00  -1.25  -1.32   0.37 
LEU LYS
  2.00   2.00   2.00   2.00   2.00  -1.13  -1.38   0.16 
LEU GLU
  2.00   2.00   2.00   2.00   2.00  -1.10  -1.45   0.35 
LEU GLN
  2.00   2.00   2.00   2.00   2.00  -1.21  -1.41   0.74 
LEU ARG
  2.00   2.00   2.00   2.00   2.00  -1.10  -1.47   0.60 
LEU HIS
  2.00   2.00   2.00   2.00   2.00  -1.35  -1.19   0.22 
LEU PHE
  2.00   2.00   2.00   2.00   2.00  -1.18  -1.31   0.02 
LEU TYR
  2.00   2.00   2.00   2.00   2.00  -1.17  -1.37   0.25 
LEU TRP
  2.00   2.00   2.00   2.00   2.00  -1.28  -1.37   0.80 
LYS GLY
  2.00   2.00   2.00   2.00   2.00  -1.29  -1.36   0.78 
LYS ALA
  2.00   2.00   2.00   2.00   2.00  -1.08  -1.38  -0.05 
LYS SER
  2.00   2.00   2.00   2.00   2.00  -1.08  -1.44   0.22 
LYS CYS
  2.00   2.00   2.00   2.00   2.00  -1.01  -1.32  -0.36 
LYS VAL
  2.00   2.00   2.00   2.00   2.00  -0.88  -1.54   0.12 
LYS THR
  2.00   2.00   2.00   2.00   2.00  -0.97  -1.46   0.06 
LYS ILE
  2.00   2.00   2.00   2.00   2.00  -0.79  -1.54  -0.06 
LYS PRO
  2.00   2.00   2.00   2.00   2.00   0.28  -1.88   0.36 
LYS MET
  2.00   2.00   2.00   2.00   2.00  -1.16  -1.35   0.07 
LYS ASP
  2.00   2.00   2.00   2.00   2.00  -1.20  -1.29   0.00 
LYS ASN
  2.00   2.00   2.00   2.00   2.00  -1.19  -1.35   0.32 
LYS LEU
  2.00   2.00   2.00   2.00   2.00  -1.06  -1.44   0.23 
LYS LYS
  2.00   2.00   2.00   2.00   2.00  -1.17  -1.36   0.21 
LYS GLU
  2.00   2.00   2.00   2.00   2.00  -1.36  -1.12   0.05 
LYS GLN
  2.00   2.00   2.00   2.00   1.94  -1.18  -1.40   0.55 
LYS ARG
  2.00   2.00   2.00   2.00   2.00  -1.15  -1.38   0.20 
LYS HIS
  2.00   2.00   2.00   2.00   2.00  -1.22  -1.36   0.39 
LYS PHE
  2.00   2.00   2.00   2.00   2.00  -1.09  -1.36  -0.01 
LYS TYR
  2.00   2.00   2.00   2.00   2.00  -1.14  -1.39   0.17 
LYS TRP
  2.00   2.00   2.00   2.00   2.00  -1.04  -1.48   0.31 
GLU GLY
  2.00   2.00   2.00   2.00   2.00  -1.40  -1.22   0.66 
GLU ALA
  2.00   2.00   2.00   2.00   2.00  -1.32  -1.25   0.33 
GLU SER
  2.00   2.00   2.00   2.00   2.00  -1.20  -1.30   0.09 
GLU CYS
  2.00   2.00   2.00   2.00   1.93  -1.28  -1.30   0.49 
GLU VAL
  2.00   2.00   2.00   2.00   2.00  -1.10  -1.44   0.30 
GLU THR
  2.00   2.00   2.00   2.00   2.00  -1.15  -1.32  -0.03 
GLU ILE
  2.00   2.00   2.00   2.00   2.00  -1.04  -1.44   0.09 
GLU PRO
  2.00   2.00   2.00   2.00   2.00  -0.03  -1.80   0.08 
GLU MET
  2.00   2.00   2.00   2.00   1.34  -1.31  -1.21   0.36 
GLU ASP
  2.00   2.00   2.00   2.00   2.00  -1.21  -1.30   0.10 
GLU ASN
  2.00   2.00   2.00   2.00   2.00  -1.33  -1.23   0.43 
GLU LEU
  2.00   2.00   2.00   2.00   2.00  -1.19  -1.33   0.22 
GLU LYS
  2.00   2.00   2.00   2.00   2.00  -1.28  -1.30   0.44 
GLU GLU
  2.00   2.00   2.00   2.00   2.00  -1.28  -1.22   0.12 
GLU GLN
  2.00   2.00   2.00   2.00   2.00  -1.25  -1.30   0.31 
GLU ARG
  2.00   2.00   2.00   2.00   2.00  -1.32  -1.27   0.48 
GLU HIS
  2.00   2.00   2.00   2.00   2.00  -1.36  -1.22   0.44 
GLU PHE
  2.00   2.00   2.00   2.00   2.00  -1.27  -1.26   0.17 
GLU TYR
  2.00   2.00   2.00   2.00   2.00  -1.24  -1.28   0.13 
GLU TRP
  2.00   2.00   2.00   2.00   2.00  -1.36  -1.15   0.19 
GLN GLY
  2.00   2.00   2.00   2.00   2.00  -1.30  -1.31   0.57 
GLN ALA
  2.00   2.00   2.00   2.00   2.00  -1.18  -1.33   0.12 
GLN SER
  2.00   2.00   2.00   2.00   2.00  -1.12  -1.32  -0.10 
GLN CYS
  2.00   2.00   2.00   2.00   2.00  -1.05  -1.47   0.25 
GLN VAL
  2.00   2.00   2.00   2.00   2.00  -0.81  -1.56   0.06 
GLN THR
  2.00   2.00   2.00   2.00   2.00  -0.96  -1.53   0.35 
GLN ILE
  2.00   2.00   2.00   2.00   2.00  -1.03  -1.43   0.10 
GLN PRO
  2.00   2.00   2.00   2.00   2.00   0.38  -1.87   0.27 
GLN MET
  2.00   2.00   2.00   2.00   2.00  -1.17  -1.43   0.78 
GLN ASP
  2.00   2.00   2.00   2.00   2.00  -1.18  -1.33   0.16 
GLN ASN
  2.00   2.00   2.00   2.00   2.00  -1.26  -1.30   0.32 
GLN LEU
  2.00   2.00   2.00   2.00   2.00  -1.09  -1.41   0.16 
GLN LYS
  2.00   2.00   2.00   2.00   2.00  -1.21  -1.29   0.12 
GLN GLU
  2.00   2.00   2.00   2.00   2.00  -1.15  -1.37   0.26 
GLN GLN
  2.00   2.00   2.00   2.00   2.00  -1.26  -1.29   0.30 
GLN ARG
  2.00   2.00   2.00   2.00   2.00  -1.16  -1.36   0.16 
GLN HIS
  2.00   2.00   2.00   2.00   2.00  -1.17  -1.46   0.86 
GLN PHE
  2.00   2.00   2.00   2.00   2.00  -1.03  -1.43   0.01 
GLN TYR
  2.00   2.00   2.00   2.00   2.00  -0.94  -1.51   0.16 
GLN TRP
  2.00   2.00   2.00   2.00   2.00  -1.15  -1.49   1.03 
ARG GLY
  2.00   2.00   2.00   2.00   2.00  -1.21  -1.41   0.63 
ARG ALA
  2.00   2.00   2.00   2.00   2.00  -0.90  -1.52   0.13 
ARG SER
  2.00   2.00   2.00   2.00   2.00  -1.13  -1.33  -0.01 
ARG CYS
  2.00   2.00   2.00   2.00   2.00  -1.18  -1.32   0.06 
ARG VAL
  2.00   2.00   2.00   2.00   2.00  -0.83  -1.56   0.09 
ARG THR
  2.00   2.00   2.00   2.00   2.00  -0.98  -1.44  -0.01 
ARG ILE
  2.00   2.00   2.00   2.00   2.00  -0.90  -1.50  -0.02 
ARG PRO
  2.00   2.00   2.00   2.00   2.00   0.17  -1.82   0.04 
ARG MET
  2.00   2.00   2.00   2.00   2.00  -1.09  -1.46   0.45 
ARG ASP
  2.00   2.00   2.00   2.00   2.00  -1.36  -1.18   0.25 
ARG ASN
  2.00   2.00   2.00   2.00   2.00  -1.26  -1.31   0.37 
ARG LEU
  2.00   2.00   2.00   2.00   2.00  -1.00  -1.48   0.23 
ARG LYS
  2.00   2.00   2.00   2.00   2.00  -1.08  -1.39   0.05 
ARG GLU
  2.00   2.00   2.00   2.00   2.00  -1.39  -1.18   0.40 
ARG GLN
  2.00   2.00   2.00   2.00   2.00  -1.20  -1.34   0.25 
ARG ARG
  2.00   2.00   2.00   2.00   2.00  -1.01  -1.45   0.07 
ARG HIS
  2.00   2.00   2.00   2.00   2.00  -1.22  -1.35   0.41 
ARG PHE
  2.00   2.00   2.00   2.00   2.00  -0.96  -1.46  -0.04 
ARG TYR
  2.00   2.00   2.00   2.00   2.00  -1.14  -1.41   0.28 
ARG TRP
  2.00   2.00   2.00   2.00   2.00  -1.16  -1.35   0.05 
HIS GLY
  2.00   2.00   2.00   2.00   2.00  -1.33  -1.30   0.73 
HIS ALA
  2.00   2.00   2.00   2.00   1.64  -1.32  -1.22   0.39 
HIS SER
  2.00   2.00   2.00   2.00   2.00  -1.20  -1.37   0.38 
HIS CYS
  2.00   2.00   2.00   2.00   2.00  -1.22  -1.25  -0.12 
HIS VAL
  2.00   2.00   2.00   2.00   2.00  -1.05  -1.35  -0.20 
HIS THR
  2.00   2.00   2.00   2.00   2.00  -1.19  -1.31   0.05 
HIS ILE
  2.00   2.00   2.00   2.00   2.00  -1.13  -1.32  -0.13 
HIS PRO
  2.00   2.00   2.00   2.00   2.00  -0.07  -1.79   0.04 
HIS MET
  2.00   2.00   2.00   2.00   2.00  -1.29  -1.29   0.46 
HIS ASP
  2.00   2.00   2.00   2.00   2.00  -1.49  -1.07   0.48 
HIS ASN
  2.00   2.00   2.00   2.00   2.00  -1.38  -1.20   0.32 
HIS LEU
  2.00   2.00   2.00   2.00   2.00  -1.20  -1.33   0.14 
HIS LYS
  2.00   2.00   2.00   2.00   2.00  -1.24  -1.42   0.92 
HIS GLU
  2.00   2.00   2.00   2.00   2.00  -1.28  -1.20  -0.03 
HIS GLN
  2.00   2.00   2.00   2.00   2.00  -1.44  -1.16   0.65 
HIS ARG
  2.00   2.00   2.00   2.00   2.00  -1.31  -1.21   0.07 
HIS HIS
  2.00   2.00   2.00   2.00   2.00  -1.24  -1.30   0.23 
HIS PHE
  2.00   2.00   2.00   2.00   2.00  -1.14  -1.38   0.12 
HIS TYR
  2.00   2.00   2.00   2.00   2.00  -1.33  -1.36   1.17 
HIS TRP
  2.00   2.00   2.00   2.00   2.00  -1.29  -1.24   0.09 
PHE GLY
  2.00   2.00   2.00   2.00   2.00  -1.32  -1.29   0.61 
PHE ALA
  2.00   2.00   2.00   2.00   2.00  -1.02  -1.46   0.19 
PHE SER
  2.00   2.00   2.00   2.00   2.00  -1.26  -1.34   0.50 
PHE CYS
  2.00   2.00   2.00   2.00   2.00  -1.02  -1.36  -0.30 
PHE VAL
  2.00   2.00   2.00   2.00   2.00  -1.01  -1.48   0.20 
PHE THR
  2.00   2.00   2.00   2.00   2.00  -1.18  -1.35   0.15 
PHE ILE
  2.00   2.00   2.00   2.00   2.00  -0.87  -1.49  -0.10 
PHE PRO
  2.00   2.00   2.00   2.00   2.00   0.06  -1.84   0.33 
PHE MET
  2.00   2.00   2.00   2.00   2.00  -0.96  -1.48   0.16 
PHE ASP
  2.00   2.00   2.00   2.00   2.00  -1.26  -1.25   0.06 
PHE ASN
  2.00   2.00   2.00   2.00   2.00  -1.31  -1.28   0.43 
PHE LEU
  2.00   2.00   2.00   2.00   1.98  -0.94  -1.51   0.26 
PHE LYS
  2.00   2.00   2.00   2.00   2.00  -1.20  -1.39   0.52 
PHE GLU
  2.00   2.00   2.00   2.00   1.87  -1.05  -1.43   0.19 
PHE GLN
  2.00   2.00   2.00   2.00   2.00  -1.18  -1.33   0.13 
PHE ARG
  2.00   2.00   2.00   2.00   2.00  -1.27  -1.29   0.35 
PHE HIS
  2.00   2.00   2.00   2.00   1.27  -1.31  -1.11   0.02 
PHE PHE
  2.00   2.00   2.00   2.00   1.59  -1.14  -1.40   0.49 
PHE TYR
  2.00   2.00   2.00   2.00   2.00  -1.20  -1.29  -0.02 
PHE TRP
  2.00   2.00   2.00   2.00   1.63  -1.11  -1.43   0.54 
TYR GLY
  2.00   2.00   2.00   2.00   2.00  -1.31  -1.30   0.47 
TYR ALA
  2.00   2.00   2.00   2.00   2.00  -1.13  -1.39   0.23 
TYR SER
  2.00   2.00   2.00   2.00   2.00  -1.18  -1.36   0.24 
TYR CYS
  2.00   2.00   2.00   2.00   2.00  -0.99  -1.39  -0.19 
TYR VAL
  2.00   2.00   2.00   2.00   2.00  -1.13  -1.43   0.45 
TYR THR
  2.00   2.00   2.00   2.00   2.00  -1.21  -1.31   0.11 
TYR ILE
  2.00   2.00   2.00   2.00   2.00  -1.15  -1.30  -0.13 
TYR PRO
  2.00   2.00   2.00   2.00   2.00   0.11  -1.86   0.36 
TYR MET
  2.00   2.00   2.00   2.00   1.85  -1.07  -1.46   0.47 
TYR ASP
  2.00   2.00   2.00   2.00   2.00  -1.33  -1.19   0.11 
TYR ASN
  2.00   2.00   2.00   2.00   2.00  -1.19  -1.36   0.39 
TYR LEU
  2.00   2.00   2.00   2.00   1.73  -1.03  -1.43   0.17 
TYR LYS
  2.00   2.00   2.00   2.00   2.00  -1.16  -1.30  -0.06 
TYR GLU
  2.00   2.00   2.00   2.00   2.00  -1.17  -1.25  -0.19 
TYR GLN
  2.00   2.00   2.00   2.00   2.00  -1.26  -1.25   0.09 
TYR ARG
  2.00   2.00   2.00   2.00   2.00  -1.17  -1.40   0.41 
TYR HIS
  2.00   2.00   2.00   2.00   2.00  -1.34  -1.18   0.16 
TYR PHE
  2.00   2.00   2.00   2.00   2.00  -1.15  -1.43   0.54 
TYR TYR
  2.00   2.00   2.00   2.00   2.00  -1.04  -1.41   0.03 
TYR TRP
  2.00   2.00   2.00   2.00   2.00  -1.32  -1.10  -0.15 
TRP GLY
  2.00   2.00   2.00   2.00   2.00  -1.36  -1.22   0.56 
TRP ALA
  2.00   2.00   2.00   2.00   2.00  -0.95  -1.42  -0.15 
TRP SER
  2.00   2.00   2.00   2.00   2.00  -1.28  -1.29   0.33 
TRP CYS
  2.00   2.00   2.00   2.00   1.81  -1.37  -1.08   0.02 
TRP VAL
  2.00   2.00   2.00   2.00   2.00  -1.05  -1.46   0.27 
TRP THR
  2.00   2.00   2.00   2.00   2.00  -1.15  -1.30  -0.11 
TRP ILE
  2.00   2.00   2.00   2.00   2.00  -1.13  -1.43   0.32 
TRP PRO
  2.00   2.00   2.00   2.00   2.00  -0.34  -1.74   0.10 
TRP MET
  2.00   2.00   2.00   2.00   1.70  -1.00  -1.55   1.01 
TRP ASP
  2.00   2.00   2.00   2.00   2.00  -1.13  -1.38   0.06 
TRP ASN
  2.00   2.00   2.00   2.00   2.00  -1.23  -1.26   0.08 
TRP LEU
  2.00   2.00   2.00   2.00   1.72  -1.17  -1.31   0.11 
TRP LYS
  2.00   2.00   2.00   2.00   2.00  -1.18  -1.38   0.26 
TRP GLU
  2.00   2.00   2.00   2.00   2.00  -1.04  -1.35  -0.22 
TRP GLN
  2.00   2.00   2.00   2.00   2.00  -1.42  -1.27   1.19 
TRP ARG
  2.00   2.00   2.00   2.00   2.00  -0.85  -1.49  -0.15 
TRP HIS
  2.00   2.00   2.00   2.00   2.00  -0.97  -1.53   0.29 
TRP PHE
  2.00   2.00   2.00   2.00   2.00  -1.06  -1.48   0.46 
TRP TYR
  2.00   2.00   2.00   2.00   1.52  -1.16  -1.32   0.13 
TRP TRP
  2.00   2.00   2.00   2.00   2.00  -1.14  -1.14  -0.55 
