GLY GLY
  2.00  -0.07  -0.81  -1.09  -0.79   0.04  -0.49   2.00 
  2.00   2.00   2.00   2.00   2.00   2.00   2.00   2.00 
  2.00  -0.05   0.21  -0.70  -1.51  -1.18  -0.12   2.00 
GLY ALA
  2.00   0.25  -0.81  -1.09  -0.52   0.65   1.46   2.00 
  2.00   2.00   2.00   2.00   2.00   2.00   2.00   2.00 
  2.00  -0.04   0.19  -0.85  -1.77  -1.60   0.94   2.00 
GLY SER
  2.00  -0.23  -1.07  -1.04  -0.60   0.42   0.38   2.00 
  2.00   2.00   2.00   2.00   2.00   2.00   2.00   2.00 
  2.00  -0.03   0.12  -1.15  -1.82  -0.78   1.30   2.00 
GLY CYS
  2.00  -0.09  -1.04  -0.62  -0.20   0.26   1.36   2.00 
  2.00   2.00   2.00   2.00   2.00   2.00   2.00   2.00 
  2.00   0.44   0.18  -1.11  -1.92  -1.48   2.00   2.00 
GLY VAL
  2.00  -0.19  -0.99  -0.66  -0.16   1.59   1.45   2.00 
  2.00   2.00   2.00   2.00   2.00   2.00   2.00   2.00 
  2.00   0.69   0.11  -1.04  -2.07  -1.45   2.00   2.00 
GLY THR
  2.00  -0.32  -1.13  -1.12  -0.31   1.06   0.68   2.00 
  2.00   2.00   2.00   2.00   2.00   2.00   2.00   2.00 
  1.58   0.02  -0.07  -1.15  -1.85  -0.83   1.95   2.00 
GLY ILE
  2.00  -0.08  -0.79  -0.95  -0.19   0.98   1.36   2.00 
  2.00   2.00   2.00   2.00   2.00   2.00   2.00   2.00 
  1.62   0.31   0.21  -0.65  -2.10  -1.44   1.62   2.00 
GLY PRO
  2.00   2.00  -1.36  -2.30  -1.63   0.11   1.63   2.00 
  2.00   2.00   2.00   2.00   2.00   2.00   2.00   2.00 
  2.00   0.69   1.05  -0.18  -0.10   0.88   2.00   2.00 
GLY MET
  2.00   0.10  -0.76  -1.16  -0.24   0.63   1.14   2.00 
  2.00   2.00   2.00   2.00   2.00   2.00   2.00   2.00 
  2.00   0.45  -0.16  -0.83  -2.06  -1.27   2.00   2.00 
GLY ASP
  2.00   0.58  -0.96  -1.22  -0.70   0.20   0.12   2.00 
  2.00   2.00   2.00   2.00   2.00   2.00   2.00   2.00 
  1.40  -0.38  -0.25  -0.80  -1.85  -0.63   1.71   2.00 
GLY ASN
  2.00   0.23  -0.89  -1.19  -0.68   0.26  -0.22   2.00 
  2.00   2.00   2.00   2.00   2.00   2.00   2.00   2.00 
  1.89  -0.27  -0.39  -1.04  -1.73  -0.63   2.00   2.00 
GLY LEU
  2.00   0.21  -0.79  -0.89  -0.15   0.74   1.40   2.00 
  2.00   2.00   2.00   2.00   2.00   2.00   2.00   2.00 
  2.00   0.26   0.08  -1.14  -2.01  -1.45   1.98   2.00 
GLY LYS
  2.00   0.40  -0.67  -0.93  -0.29   1.24   1.29   2.00 
  2.00   2.00   2.00   2.00   2.00   2.00   2.00   2.00 
  1.93   0.07  -0.40  -1.13  -2.13  -1.00   2.00   2.00 
GLY GLU
  2.00   0.36  -0.62  -1.25  -0.50   0.50   0.80   2.00 
  2.00   2.00   2.00   2.00   2.00   2.00   2.00   2.00 
  2.00  -0.10  -0.38  -1.03  -1.91  -1.06   2.00   2.00 
GLY GLN
  2.00   0.10  -0.78  -0.67  -0.26   0.50   0.76   2.00 
  2.00   2.00   2.00   2.00   2.00   2.00   2.00   2.00 
  1.65   0.60  -0.10  -1.16  -2.21  -0.80   1.98   2.00 
GLY ARG
  2.00   0.20  -0.67  -0.93  -0.47   0.92   1.43   2.00 
  2.00   2.00   2.00   2.00   2.00   2.00   2.00   2.00 
  1.43  -0.04  -0.20  -1.23  -2.04  -0.98   2.00   2.00 
GLY HIS
  2.00  -0.00  -0.88  -1.00  -0.36   0.83   0.83   2.00 
  2.00   2.00   2.00   2.00   2.00   2.00   2.00   2.00 
  2.00  -0.05  -0.00  -1.14  -1.92  -1.12   1.05   2.00 
GLY PHE
  2.00  -0.35  -0.89  -0.81  -0.16   0.77   0.61   2.00 
  2.00   2.00   2.00   2.00   2.00   2.00   2.00   2.00 
  1.30   0.24   0.08  -1.22  -1.71  -1.49   0.97   2.00 
GLY TYR
  2.00  -0.28  -0.80  -1.05  -0.47   1.04   2.00   2.00 
  2.00   2.00   2.00   2.00   2.00   2.00   2.00   2.00 
  2.00   0.57   0.14  -0.95  -1.90  -1.51   1.21   2.00 
GLY TRP
  2.00  -0.56  -0.80  -1.13  -0.25   0.39   0.61   2.00 
  2.00   2.00   2.00   2.00   2.00   2.00   2.00   2.00 
  2.00   0.21  -0.08  -1.26  -1.45  -1.50   2.00   2.00 
ALA GLY
  2.00   0.42  -0.56  -0.94  -1.76   0.28   0.22   1.76 
  2.00   2.00   2.00   2.00   2.00   2.00   2.00   2.00 
  1.36  -1.57  -0.23  -0.13  -0.49  -0.47   0.30   2.00 
ALA ALA
  2.00   0.05  -1.49  -1.47  -0.31   1.02   1.79   2.00 
  2.00   2.00   2.00   2.00   2.00   2.00   2.00   2.00 
  0.64  -1.32  -0.51  -0.56  -0.99  -0.18   0.40   2.00 
ALA SER
  2.00  -0.64  -1.54  -1.26   0.24   0.71   1.92   2.00 
  2.00   2.00   2.00   2.00   2.00   2.00   2.00   2.00 
  0.49  -1.18  -0.61  -0.81  -0.87  -0.26   0.27   2.00 
ALA CYS
  2.00  -0.17  -1.30  -0.95   0.44   0.84   1.13   2.00 
  2.00   2.00   2.00   2.00   2.00   2.00   2.00   2.00 
 -0.07  -1.43  -0.60  -0.95  -0.91  -0.86   0.44   2.00 
ALA VAL
  2.00  -1.21  -1.76  -1.17   0.27   2.00   2.00   2.00 
  2.00   2.00   2.00   2.00   2.00   2.00   2.00   2.00 
  0.83  -0.65  -0.39  -0.76  -0.81  -0.39   0.06   2.00 
ALA THR
  2.00  -0.85  -1.73  -1.01   0.61   1.36   1.61   2.00 
  2.00   2.00   2.00   2.00   2.00   2.00   2.00   2.00 
  0.09  -1.21  -0.21  -0.62  -0.85  -0.60   0.30   2.00 
ALA ILE
  2.00  -0.85  -1.88  -1.17   0.91   1.76   2.00   2.00 
  2.00   2.00   2.00   2.00   2.00   2.00   2.00   2.00 
  0.56  -0.72  -0.54  -0.47  -1.15  -0.54   0.78   2.00 
ALA PRO
  2.00   0.99  -2.15  -2.26  -0.06   2.00   2.00   2.00 
  2.00   2.00   2.00   2.00   2.00   2.00   2.00   2.00 
  2.00   0.17   0.43   0.84   0.17  -0.16   2.00   2.00 
ALA MET
  2.00  -0.65  -1.37  -1.35  -0.25   1.54   2.00   2.00 
  2.00   2.00   2.00   2.00   2.00   2.00   2.00   2.00 
  0.45  -1.06  -0.76  -0.47  -1.09  -0.53   0.45   2.00 
ALA ASP
  2.00   0.47  -1.53  -1.55  -0.06   1.24   0.92   2.00 
  2.00   2.00   2.00   2.00   2.00   2.00   2.00   2.00 
  0.51  -1.63  -0.50  -0.52  -0.58  -0.04   0.92   2.00 
ALA ASN
  2.00   0.25  -1.34  -1.28  -0.46   0.50   0.55   2.00 
  2.00   2.00   2.00   2.00   2.00   2.00   2.00   2.00 
  0.29  -1.70  -0.71  -0.64  -0.44   0.13   1.08   2.00 
ALA LEU
  2.00  -0.46  -1.74  -1.18   0.28   2.00   1.80   2.00 
  2.00   2.00   2.00   2.00   2.00   2.00   2.00   2.00 
  0.19  -1.08  -0.58  -0.63  -1.11  -0.30   0.42   2.00 
ALA LYS
  2.00  -0.25  -1.82  -1.40  -0.35   1.09   1.31   2.00 
  2.00   2.00   2.00   2.00   2.00   2.00   2.00   2.00 
  0.68  -1.38  -0.35  -0.39  -0.19  -0.32   0.99   2.00 
ALA GLU
  2.00  -0.10  -1.53  -1.59  -0.28   1.23   1.64   2.00 
  2.00   2.00   2.00   2.00   2.00   2.00   2.00   2.00 
  0.54  -1.47  -0.56  -0.63  -0.48  -0.00   1.03   2.00 
ALA GLN
  2.00  -0.55  -1.69  -1.39   0.27   1.12   2.00   1.81 
  2.00   2.00   2.00   2.00   2.00   2.00   2.00   2.00 
  0.35  -1.44  -0.26  -0.78  -0.58   0.02   1.12   2.00 
ALA ARG
  2.00  -0.56  -1.66  -1.25   0.32   1.64   1.93   2.00 
  2.00   2.00   2.00   2.00   2.00   2.00   2.00   2.00 
 -0.15  -1.21  -0.38  -0.56  -0.76  -0.41   0.03   2.00 
ALA HIS
  2.00  -0.32  -1.37  -1.26  -0.03   1.07   1.36   2.00 
  2.00   2.00   2.00   2.00   2.00   2.00   2.00   2.00 
  0.51  -1.44  -0.72  -0.88  -0.80   0.06  -0.11   2.00 
ALA PHE
  2.00  -0.90  -1.40  -0.90  -0.38   1.23   0.89   2.00 
  2.00   2.00   2.00   2.00   2.00   2.00   2.00   2.00 
  0.44  -1.19  -1.01  -0.66  -0.53  -0.34  -0.16   2.00 
ALA TYR
  2.00  -0.92  -1.45  -1.20   0.21   1.30   0.90   2.00 
  2.00   2.00   2.00   2.00   2.00   2.00   2.00   2.00 
  1.59  -1.02  -0.71  -0.71  -0.95  -0.53  -0.08   2.00 
ALA TRP
  2.00  -0.12  -1.58  -1.54   0.22   1.13   1.13   2.00 
  2.00   2.00   2.00   2.00   2.00   2.00   2.00   1.83 
  0.44  -1.01  -0.81  -1.35  -0.12   0.73   0.44   2.00 
SER GLY
  2.00   0.68  -0.30  -1.54  -1.72   0.15   0.47   2.00 
  2.00   2.00   2.00   2.00   2.00   2.00   2.00   2.00 
  1.81  -1.09  -0.18  -0.40  -0.73  -0.47   0.13   2.00 
SER ALA
  2.00   0.06  -1.24  -1.92  -0.90   1.47   1.28   2.00 
  2.00   2.00   2.00   2.00   2.00   2.00   2.00   2.00 
  1.37  -0.73  -0.39  -0.60  -0.94   0.13   0.37   2.00 
SER SER
  2.00  -0.12  -1.18  -1.65  -0.26   1.00   1.17   2.00 
  2.00   2.00   2.00   2.00   2.00   2.00   2.00   2.00 
  0.61  -1.08  -0.56  -1.05  -1.01   0.18   0.33   2.00 
SER CYS
  2.00  -0.73  -1.36  -1.32  -0.18   1.43   1.43   2.00 
  2.00   2.00   2.00   2.00   2.00   2.00   2.00   2.00 
  1.43  -1.03  -0.36  -0.80  -1.18  -0.61   0.23   2.00 
SER VAL
  2.00  -0.87  -1.55  -1.62  -0.04   2.00   2.00   2.00 
  2.00   2.00   2.00   2.00   2.00   2.00   2.00   2.00 
  1.54  -0.38  -0.46  -0.98  -0.84  -0.59   0.49   2.00 
SER THR
  2.00  -0.72  -1.54  -1.49   0.18   2.00   1.41   2.00 
  2.00   2.00   2.00   2.00   2.00   2.00   2.00   2.00 
  0.67  -1.10  -0.34  -0.79  -0.93  -0.34   0.52   2.00 
SER ILE
  2.00  -0.91  -1.74  -1.76   0.25   2.00   2.00   2.00 
  2.00   2.00   2.00   2.00   2.00   2.00   2.00   2.00 
  1.41  -0.27  -0.36  -0.63  -0.83  -0.49   1.12   2.00 
SER PRO
  2.00   1.18  -1.87  -2.48  -0.84   2.00   2.00   2.00 
  2.00   2.00   2.00   2.00   2.00   2.00   2.00   2.00 
  1.80   0.55   0.42   1.18   0.59   0.79   2.00   2.00 
SER MET
  2.00  -0.56  -1.36  -1.59  -0.21   0.89   2.00   2.00 
  2.00   2.00   2.00   2.00   2.00   2.00   2.00   2.00 
  0.89  -1.02  -0.50  -0.77  -0.86  -0.50   0.33   2.00 
SER ASP
  2.00   0.56  -1.21  -1.72  -0.88   1.38   1.48   2.00 
  2.00   2.00   2.00   2.00   2.00   2.00   2.00   2.00 
  0.83  -1.40  -0.53  -0.85  -0.71   0.31   1.70   2.00 
SER ASN
  2.00   0.37  -1.02  -1.57  -0.55   0.82   0.69   2.00 
  2.00   2.00   2.00   2.00   2.00   2.00   2.00   2.00 
  0.33  -1.60  -0.79  -0.70  -0.67   0.16   0.98   2.00 
SER LEU
  2.00  -0.43  -1.51  -1.87  -0.17   2.00   2.00   2.00 
  2.00   2.00   2.00   2.00   2.00   2.00   2.00   2.00 
  1.06  -0.61  -0.25  -0.67  -1.02  -0.17   0.48   2.00 
SER LYS
  2.00   0.12  -1.17  -1.82  -0.84   1.51   1.51   2.00 
  2.00   2.00   2.00   2.00   2.00   2.00   2.00   2.00 
  0.54  -1.17  -0.62  -0.70  -0.65   0.19   0.82   2.00 
SER GLU
  2.00   0.19  -1.11  -1.96  -0.91   1.10   1.19   2.00 
  2.00   2.00   2.00   2.00   2.00   2.00   2.00   2.00 
  0.70  -0.83  -0.49  -0.70  -0.84   0.26   1.51   2.00 
SER GLN
  2.00  -0.55  -1.26  -1.83  -0.64   1.42   1.26   2.00 
  2.00   2.00   2.00   2.00   2.00   2.00   2.00   2.00 
  0.57  -1.04  -0.32  -0.50  -0.72  -0.16   1.01   2.00 
SER ARG
  2.00  -0.03  -1.24  -1.81  -0.48   1.49   1.64   2.00 
  2.00   2.00   2.00   2.00   2.00   2.00   2.00   2.00 
  0.30  -1.18  -0.33  -0.68  -0.84  -0.18   0.66   2.00 
SER HIS
  2.00  -0.45  -1.03  -1.30  -0.45   0.83   1.39   2.00 
  2.00   2.00   2.00   2.00   2.00   2.00   2.00   2.00 
  0.69  -1.25  -0.32  -1.08  -1.10  -0.52   0.47   2.00 
SER PHE
  2.00  -1.15  -1.35  -1.47  -0.31   1.26   1.67   2.00 
  2.00   2.00   2.00   2.00   2.00   2.00   2.00   2.00 
  1.67  -0.71  -0.21  -0.97  -0.88  -0.17   0.01   2.00 
SER TYR
  2.00  -0.96  -1.29  -1.50  -0.58   0.95   1.42   2.00 
  2.00   2.00   2.00   2.00   2.00   2.00   2.00   2.00 
  0.39  -0.23  -0.47  -0.76  -0.71  -0.53  -0.37   2.00 
SER TRP
  2.00  -0.45  -1.39  -1.87   0.25   2.00   0.81   2.00 
  2.00   2.00   2.00   2.00   2.00   2.00   2.00   2.00 
  2.00  -1.10  -0.21  -0.80  -0.70  -0.00   0.11   2.00 
CYS GLY
  2.00   0.20  -1.17  -2.01  -1.47   0.35   0.89   1.23 
  2.00   2.00   2.00   2.00   2.00   2.00   2.00   2.00 
  2.00  -0.21   0.35  -0.11  -0.56  -0.34   0.54   2.00 
CYS ALA
  2.00   0.26  -1.68  -1.88   0.11   0.95   2.00   2.00 
  2.00   2.00   2.00   2.00   2.00   2.00   2.00   2.00 
  0.67  -0.51   0.67  -0.89  -0.99  -0.43   1.36   2.00 
CYS SER
  2.00  -0.61  -1.89  -1.56  -0.05   1.74   2.00   2.00 
  2.00   2.00   2.00   2.00   2.00   2.00   2.00   2.00 
  1.05  -0.61  -0.28  -0.40  -0.97  -0.40   1.05   2.00 
CYS CYS
  2.00  -0.89  -1.21  -1.29  -0.19   1.19   0.50   2.00 
  2.00   2.00   2.00   2.00   2.00   2.00   2.00   2.00 
  2.00  -1.11  -1.37  -1.11  -0.19   0.50   0.50   2.00 
CYS VAL
  2.00  -0.81  -1.95  -1.11   0.45   1.14   2.00   2.00 
  2.00   2.00   2.00   2.00   2.00   2.00   2.00   2.00 
  1.83   0.22   0.45  -0.88  -0.94  -1.21   0.22   2.00 
CYS THR
  2.00  -1.13  -1.84  -1.22   0.95   2.00   2.00   2.00 
  2.00   2.00   2.00   2.00   2.00   2.00   2.00   2.00 
  2.00  -0.31   0.95  -0.56  -1.20  -1.00   0.03   2.00 
CYS ILE
  2.00  -1.30  -1.97  -1.40   0.95   2.00   2.00   2.00 
  2.00   2.00   2.00   2.00   2.00   2.00   2.00   2.00 
  2.00  -0.15   0.03  -0.30  -0.44  -0.84  -0.30   2.00 
CYS PRO
  2.00   0.97  -2.33  -2.22   0.35   2.00   2.00   2.00 
  2.00   2.00   2.00   2.00   2.00   2.00   2.00   2.00 
  2.00   1.30   0.61   2.00  -0.03  -0.31   2.00   2.00 
CYS MET
  2.00   0.63  -1.67  -2.20  -0.76   2.00   2.00   2.00 
  2.00   2.00   2.00   2.00   2.00   2.00   2.00   2.00 
  2.00  -0.47  -0.06   2.00  -0.98   0.63  -0.06   2.00 
CYS ASP
  2.00  -0.45  -1.88  -1.51  -0.51   0.77   1.69   2.00 
  2.00   2.00   2.00   2.00   2.00   2.00   2.00   2.00 
  1.69  -0.19  -0.26  -0.67  -0.99  -0.11   0.77   2.00 
CYS ASN
  2.00   0.23  -1.74  -1.51  -0.62   1.33   0.63   2.00 
  2.00   2.00   2.00   2.00   2.00   2.00   2.00   2.00 
  0.92  -0.38  -0.06  -0.54  -0.98  -0.98   0.92   2.00 
CYS LEU
  2.00   1.02  -1.79  -1.77   0.17   2.00   2.00   2.00 
  2.00   2.00   2.00   2.00   2.00   2.00   2.00   2.00 
  1.02  -0.52  -0.18  -0.28  -1.10  -0.97   0.73   2.00 
CYS LYS
  2.00  -0.60  -2.00  -1.72  -0.09   2.00   2.00   2.00 
  2.00   2.00   2.00   2.00   2.00   2.00   2.00   2.00 
  2.00  -0.53   0.72   0.72  -0.60  -0.89   0.03   2.00 
CYS GLU
  2.00  -0.40  -1.75  -1.73  -0.32   1.07   2.00   2.00 
  2.00   2.00   2.00   2.00   2.00   2.00   2.00   2.00 
  2.00  -0.47  -0.03  -0.54  -1.05  -0.47   0.55   2.00 
CYS GLN
  2.00  -0.15  -1.94  -1.68  -0.46   1.93   1.93   2.00 
  2.00   2.00   2.00   2.00   2.00   2.00   2.00   2.00 
  2.00  -0.46  -0.15  -0.46  -1.16   0.14   1.24   2.00 
CYS ARG
  2.00  -0.82  -1.67  -1.69   1.38   1.38   2.00   2.00 
  2.00   2.00   2.00   2.00   2.00   2.00   2.00   2.00 
  2.00  -0.33  -0.01  -0.13  -0.93  -0.98  -0.50   2.00 
CYS HIS
  2.00  -0.82  -1.64  -0.82   1.58   0.19   0.19   0.48 
  2.00   2.00   2.00   2.00   2.00   2.00   2.00   2.00 
  1.58  -0.50  -0.82  -1.06  -0.62  -0.50  -0.22   2.00 
CYS PHE
  2.00  -0.97  -1.15  -1.38  -0.05   2.00   2.00   2.00 
  2.00   2.00   2.00   2.00   2.00   2.00   2.00   2.00 
  1.33  -1.15  -0.05  -0.86  -1.07  -1.07   0.64   2.00 
CYS TYR
  2.00  -0.72  -1.26  -1.48  -0.72   1.23   1.23   1.23 
  2.00   2.00   2.00   2.00   2.00   2.00   2.00   2.00 
  1.23  -0.38  -0.38   0.13  -0.97  -1.07  -0.38   2.00 
CYS TRP
  2.00   2.00  -1.89  -2.01  -0.50   2.00   2.00   2.00 
  2.00   2.00   2.00   2.00   2.00   2.00   2.00   2.00 
  2.00  -0.50   2.00   0.19  -0.91  -0.50  -0.50   2.00 
VAL GLY
  2.00  -0.34  -1.12  -1.00  -1.02   0.77   0.67   2.00 
  2.00   2.00   2.00   2.00   2.00   2.00   2.00   2.00 
  1.10  -1.45  -0.63  -0.21  -0.80  -0.63  -0.14   2.00 
VAL ALA
  2.00  -0.64  -2.12  -1.45   1.08   0.39   1.08   2.00 
  2.00   2.00   2.00   2.00   2.00   2.00   2.00   2.00 
  1.55  -0.50  -0.13  -0.27  -0.73  -0.09   0.46   2.00 
VAL SER
  2.00  -1.03  -2.09  -1.05   0.17   1.93   2.00   2.00 
  2.00   2.00   2.00   2.00   2.00   2.00   2.00   2.00 
  1.14  -0.68   0.14  -0.51  -0.56  -0.43  -0.10   2.00 
VAL CYS
  2.00  -0.71  -1.83  -1.16   0.14  -0.02   0.83   2.00 
  2.00   2.00   2.00   2.00   2.00   2.00   2.00   2.00 
 -0.02  -0.96  -0.15  -0.37  -0.56  -0.02  -0.15   2.00 
VAL VAL
  2.00  -1.14  -2.17  -0.70   1.50   1.50   2.00   2.00 
  2.00   2.00   2.00   2.00   2.00   2.00   2.00   2.00 
  2.00  -0.55  -0.48  -0.25  -0.00  -0.92  -0.29   2.00 
VAL THR
  2.00  -1.30  -2.03  -0.69   1.76   1.42   1.98   2.00 
  2.00   2.00   2.00   2.00   2.00   2.00   2.00   2.00 
  1.17  -0.88   0.19   0.04  -0.41  -0.97  -0.41   2.00 
VAL ILE
  2.00  -1.03  -2.25  -0.74   1.05   1.97   2.00   2.00 
  2.00   2.00   2.00   2.00   2.00   2.00   2.00   2.00 
  0.87  -0.60  -0.38  -0.47  -0.33  -0.38   0.02   2.00 
VAL PRO
  2.00   0.48  -2.54  -2.00   0.98   2.00   2.00   2.00 
  2.00   2.00   2.00   2.00   2.00   2.00   2.00   2.00 
  1.51   0.26   1.33   1.42   0.87   0.23   2.00   2.00 
VAL MET
  1.72  -0.85  -2.11  -0.36   1.03   2.00   0.11   2.00 
  2.00   2.00   2.00   2.00   2.00   2.00   2.00   2.00 
  0.11  -1.11  -0.23   0.11  -0.58  -0.48  -0.07   2.00 
VAL ASP
  2.00  -0.42  -2.10  -1.47   0.41   0.81   1.02   2.00 
  2.00   2.00   2.00   2.00   2.00   2.00   2.00   2.00 
  1.39  -0.89  -0.18  -0.05  -0.13  -0.59   0.75   2.00 
VAL ASN
  2.00  -0.55  -1.80  -1.02   0.08   0.33   0.27   2.00 
  2.00   2.00   2.00   2.00   2.00   2.00   2.00   2.00 
  0.51  -1.17  -0.72  -0.04  -0.34  -0.72   0.33   2.00 
VAL LEU
  2.00  -0.85  -2.08  -1.14   1.98   1.29   1.47   2.00 
  2.00   2.00   2.00   2.00   2.00   2.00   2.00   2.00 
  0.88  -0.44  -0.58  -0.83  -0.35  -0.41   0.14   2.00 
VAL LYS
  2.00  -0.85  -2.26  -1.03   0.84   1.02   2.00   2.00 
  2.00   2.00   2.00   2.00   2.00   2.00   2.00   2.00 
  1.12  -0.57  -0.11   0.10   0.10  -0.91   0.28   2.00 
VAL GLU
  2.00  -0.69  -2.11  -1.31   0.27   2.00   1.14   2.00 
  2.00   2.00   2.00   2.00   2.00   2.00   2.00   2.00 
  0.92  -0.79  -0.04  -0.34  -0.18  -0.44  -0.04   2.00 
VAL GLN
  2.00  -1.09  -2.08  -1.15   0.79   1.64   2.00   2.00 
  2.00   2.00   2.00   2.00   2.00   2.00   2.00   2.00 
  0.95  -0.72   0.10  -0.48  -0.20  -0.81   0.26   2.00 
VAL ARG
  2.00  -1.12  -2.12  -0.97   0.52   1.82   1.13   2.00 
  2.00   2.00   2.00   2.00   2.00   2.00   2.00   2.00 
  2.00  -0.64  -0.12  -0.38   0.03  -0.97   0.36   2.00 
VAL HIS
  2.00  -0.52  -1.81  -1.12   0.31   1.56   0.86   1.56 
  2.00   2.00   2.00   2.00   2.00   2.00   2.00   2.00 
  0.86  -0.79  -0.74  -0.88  -0.31  -0.79   0.17   2.00 
VAL PHE
  2.00  -1.11  -1.77  -1.05   0.39   1.09   2.00   2.00 
  2.00   2.00   2.00   2.00   2.00   2.00   2.00   2.00 
  0.86  -0.89  -0.57  -0.66  -0.57  -0.36  -0.30   2.00 
VAL TYR
  2.00  -1.13  -1.95  -0.68   0.17   0.98   1.67   2.00 
  2.00   2.00   2.00   2.00   2.00   2.00   2.00   2.00 
  0.58  -0.77  -0.58  -0.52  -0.47  -0.41  -0.20   2.00 
VAL TRP
  2.00  -0.78  -2.19  -1.29   2.00   2.00   1.42   2.00 
  2.00   2.00   2.00   2.00   2.00   2.00   2.00   2.00 
  1.42  -0.78   0.72   0.03  -0.53   0.03  -0.89   2.00 
THR GLY
  2.00   1.05  -0.67  -1.78  -1.60   0.57   0.84   2.00 
  2.00   2.00   2.00   2.00   2.00   2.00   2.00   2.00 
  1.79  -0.77  -0.24  -0.45  -0.86  -0.36   0.31   2.00 
THR ALA
  2.00  -0.17  -1.27  -1.82  -0.95   1.40   1.65   2.00 
  2.00   2.00   2.00   2.00   2.00   2.00   2.00   2.00 
  1.40  -0.48  -0.30  -0.99  -0.97  -0.01   0.71   2.00 
THR SER
  2.00  -0.62  -1.29  -1.34  -0.61   1.47   2.00   2.00 
  2.00   2.00   2.00   2.00   2.00   2.00   2.00   2.00 
  0.96  -0.81  -0.43  -1.16  -1.19  -0.27   0.72   2.00 
THR CYS
  2.00  -0.36  -1.68  -1.29  -0.49   0.96   2.00   2.00 
  2.00   2.00   2.00   2.00   2.00   2.00   2.00   2.00 
  0.56  -0.65  -0.36  -0.74  -1.02  -0.43  -0.14   2.00 
THR VAL
  2.00  -1.06  -1.93  -1.47  -0.18   2.00   2.00   2.00 
  2.00   2.00   2.00   2.00   2.00   2.00   2.00   2.00 
  1.55  -0.12  -0.15  -1.01  -0.57  -0.06   0.71   2.00 
THR THR
  2.00  -0.70  -1.51  -1.34  -0.32   1.43   2.00   2.00 
  2.00   2.00   2.00   2.00   2.00   2.00   2.00   2.00 
  0.87  -0.74  -0.52  -1.12  -1.01  -0.28   0.62   2.00 
THR ILE
  2.00  -0.79  -2.08  -1.47  -0.14   2.00   1.70   2.00 
  2.00   2.00   2.00   2.00   2.00   2.00   2.00   2.00 
  1.98   0.09  -0.18  -0.63  -0.87   0.25   0.37   2.00 
THR PRO
  2.00   0.92  -2.16  -2.26  -0.92   2.00   2.00   2.00 
  2.00   2.00   2.00   2.00   2.00   2.00   2.00   2.00 
  1.97   0.70   0.74   1.61   0.36   0.33   2.00   2.00 
THR MET
  2.00   0.92  -1.51  -1.59  -0.92   0.92   2.00   2.00 
  2.00   2.00   2.00   2.00   2.00   2.00   2.00   2.00 
  1.33  -0.81  -0.28  -1.02  -0.87  -0.28   0.41   2.00 
THR ASP
  2.00   0.29  -1.31  -1.75  -0.79   1.61   1.21   2.00 
  2.00   2.00   2.00   2.00   2.00   2.00   2.00   2.00 
  1.75  -0.81  -0.79  -1.09  -0.95   0.32   1.90   2.00 
THR ASN
  2.00  -0.02  -1.32  -1.54  -0.84   1.05   0.64   2.00 
  2.00   2.00   2.00   2.00   2.00   2.00   2.00   2.00 
  1.27  -0.88  -0.87  -0.91  -0.69  -0.23   0.78   2.00 
THR LEU
  2.00  -0.63  -1.66  -1.81  -0.55   1.62   1.48   2.00 
  2.00   2.00   2.00   2.00   2.00   2.00   2.00   2.00 
  1.48  -0.31   0.01  -0.82  -0.81   0.20   0.43   2.00 
THR LYS
  2.00  -0.19  -1.54  -1.76  -1.11   1.81   2.00   2.00 
  2.00   2.00   2.00   2.00   2.00   2.00   2.00   2.00 
  0.65  -0.69  -0.55  -0.69  -0.53   0.20   1.22   2.00 
THR GLU
  2.00  -0.05  -1.39  -1.89  -1.03   1.28   2.00   2.00 
  2.00   2.00   2.00   2.00   2.00   2.00   2.00   2.00 
  1.68  -0.64  -0.19  -0.92  -0.83   0.18   1.86   2.00 
THR GLN
  2.00  -0.17  -1.55  -1.69  -0.51   1.43   2.00   2.00 
  2.00   2.00   2.00   2.00   2.00   2.00   2.00   2.00 
  1.03  -1.01  -0.40  -0.89  -0.73   0.18   0.52   2.00 
THR ARG
  2.00  -0.46  -1.33  -1.62  -0.79   1.52   2.00   2.00 
  2.00   2.00   2.00   2.00   2.00   2.00   2.00   2.00 
  0.82  -0.37  -0.77  -0.90  -1.02   0.03   0.29   2.00 
THR HIS
  2.00  -0.29  -1.13  -1.35  -0.16   1.78   1.78   2.00 
  2.00   2.00   2.00   2.00   2.00   2.00   2.00   2.00 
  0.53  -0.96  -0.61  -1.28  -1.11  -0.52   0.18   2.00 
THR PHE
  2.00  -1.28  -1.74  -1.44  -0.34   0.93   1.78   2.00 
  2.00   2.00   2.00   2.00   2.00   2.00   2.00   2.00 
  0.93  -0.38  -0.38  -0.56  -0.46  -0.07   0.24   2.00 
THR TYR
  2.00  -1.13  -1.62  -1.35  -0.11   2.00   1.74   2.00 
  2.00   2.00   2.00   2.00   2.00   2.00   2.00   2.00 
  1.45  -0.34  -0.26  -0.83  -0.99  -0.21  -0.30   2.00 
THR TRP
  2.00  -1.54  -1.66  -1.49   0.22   2.00   1.48   2.00 
  2.00   2.00   2.00   2.00   2.00   2.00   2.00   2.00 
  1.48  -0.72   0.38  -0.23  -0.78   0.09  -0.13   2.00 
ILE GLY
  2.00  -0.31  -1.49  -1.13  -1.10   0.54   1.07   1.77 
  2.00   2.00   2.00   2.00   2.00   2.00   2.00   2.00 
  1.18  -1.28  -0.18  -0.56  -0.34  -0.52  -0.03   2.00 
ILE ALA
  2.00  -0.78  -2.09  -1.29  -0.01   0.80   1.78   2.00 
  2.00   2.00   2.00   2.00   2.00   2.00   2.00   2.00 
  0.58  -0.16  -0.21  -0.58  -0.55  -0.37   0.69   2.00 
ILE SER
  2.00  -0.93  -2.10  -0.76   0.46   0.84   1.85   2.00 
  2.00   2.00   2.00   2.00   2.00   2.00   2.00   2.00 
  1.85  -0.46  -0.02  -0.66  -0.43  -0.93  -0.17   2.00 
ILE CYS
  2.00  -0.47  -1.82  -0.96   0.51   0.92   2.00   2.00 
  2.00   2.00   2.00   2.00   2.00   2.00   2.00   2.00 
  0.22  -1.28  -0.88  -0.18  -0.88  -0.34   0.22   2.00 
ILE VAL
  2.00  -0.94  -2.18  -1.02   1.55   1.04   2.00   1.95 
  2.00   2.00   2.00   2.00   2.00   2.00   2.00   2.00 
  1.26  -0.35  -0.49  -0.40  -0.35  -0.65   0.01   2.00 
ILE THR
  2.00  -1.24  -1.93  -0.51   2.00   0.76   2.00   2.00 
  2.00   2.00   2.00   2.00   2.00   2.00   2.00   2.00 
  1.77  -0.68   0.11  -0.21  -0.21  -1.39  -0.51   2.00 
ILE ILE
  2.00  -1.08  -2.09  -0.89   2.00   2.00   2.00   2.00 
  2.00   2.00   2.00   2.00   2.00   2.00   2.00   2.00 
  1.60  -0.48  -0.80  -0.35  -0.35  -1.04   0.34   2.00 
ILE PRO
  2.00   1.00  -2.57  -2.04   1.07   2.00   2.00   2.00 
  2.00   2.00   2.00   2.00   2.00   2.00   2.00   2.00 
  1.92   0.67   0.88   1.51   0.53   0.71   2.00   2.00 
ILE MET
  2.00  -0.68  -2.10  -0.53   1.26   2.00   1.26   2.00 
  2.00   2.00   2.00   2.00   2.00   2.00   2.00   2.00 
  0.17  -0.68  -0.93  -0.53  -0.34  -0.68  -0.12   2.00 
ILE ASP
  2.00  -0.52  -2.16  -1.34   0.30   1.19   0.99   2.00 
  2.00   2.00   2.00   2.00   2.00   2.00   2.00   2.00 
  0.75  -0.69  -0.14   0.02  -0.04  -0.81   0.68   2.00 
ILE ASN
  2.00  -0.38  -1.99  -1.05  -0.00   0.91   0.16   2.00 
  2.00   2.00   2.00   2.00   2.00   2.00   2.00   2.00 
  0.79  -1.05  -0.67  -0.19  -0.05  -0.70   0.51   2.00 
ILE LEU
  2.00  -1.03  -2.03  -0.48   1.23   1.51   1.92   2.00 
  2.00   2.00   2.00   2.00   2.00   2.00   2.00   2.00 
  0.41  -1.10  -0.52  -0.72  -0.28  -0.61   0.31   2.00 
ILE LYS
  2.00  -0.98  -2.31  -0.88   0.51   2.00   0.91   2.00 
  2.00   2.00   2.00   2.00   2.00   2.00   2.00   2.00 
  1.05  -0.14   0.05   0.29  -0.10  -0.94   0.10   2.00 
ILE GLU
  2.00  -0.76  -2.13  -1.01   0.34   1.44   2.00   2.00 
  2.00   2.00   2.00   2.00   2.00   2.00   2.00   2.00 
  1.44  -1.07  -0.17  -0.07  -0.12  -0.87   0.18   2.00 
ILE GLN
  2.00  -0.80  -2.19  -0.75   0.14   1.24   1.24   2.00 
  2.00   2.00   2.00   2.00   2.00   2.00   2.00   2.00 
  0.95  -0.49  -0.23  -0.23  -0.06  -1.06   0.39   2.00 
ILE ARG
  2.00  -0.81  -2.09  -1.09   0.54   1.52   1.52   2.00 
  2.00   2.00   2.00   2.00   2.00   2.00   2.00   2.00 
  1.52  -0.47   0.06   0.06  -0.09  -1.31  -0.15   2.00 
ILE HIS
  2.00  -0.83  -1.80  -0.89   1.42   0.72   2.00   2.00 
  2.00   2.00   2.00   2.00   2.00   2.00   2.00   2.00 
  2.00  -1.19  -0.60  -0.66   0.03  -1.19   0.03   2.00 
ILE PHE
  2.00  -0.76  -1.65  -0.65   0.57   1.49   2.00   1.49 
  2.00   2.00   2.00   2.00   2.00   2.00   2.00   2.00 
  0.80  -1.31  -0.95  -0.91  -0.46  -0.52  -0.21   2.00 
ILE TYR
  2.00  -1.12  -1.99  -0.62   2.00   2.00   2.00   2.00 
  2.00   2.00   2.00   2.00   2.00   2.00   2.00   2.00 
  0.63  -0.98  -0.69  -0.54  -0.46  -0.81   0.63   2.00 
ILE TRP
  2.00  -0.69  -1.47  -0.51   1.10   2.00   2.00   1.10 
  2.00   2.00   2.00   2.00   2.00   2.00   2.00   2.00 
  1.10  -1.39  -0.69  -1.10  -0.98  -0.69  -0.29   2.00 
PRO GLY
  2.00   0.51  -0.74  -0.70  -0.05   1.05   0.13   2.00 
  2.00   2.00   2.00   2.00   2.00   2.00   2.00   2.00 
  1.09  -2.18  -1.04  -0.17  -0.60  -0.28   0.59   2.00 
PRO ALA
  2.00   0.16  -1.36  -2.14  -0.58   1.01   1.41   2.00 
  2.00   2.00   2.00   2.00   2.00   2.00   2.00   2.00 
  1.26  -1.32  -0.23   0.16  -0.07   0.32   0.95   2.00 
PRO SER
  2.00  -0.17  -1.47  -1.70  -0.24   0.73   1.74   2.00 
  2.00   2.00   2.00   2.00   2.00   2.00   2.00   2.00 
  1.34  -1.58  -0.53  -0.29  -0.17   0.06   0.24   2.00 
PRO CYS
  2.00  -0.25  -1.82  -1.40  -0.10   1.69   1.00   1.69 
  2.00   2.00   2.00   2.00   2.00   2.00   2.00   2.00 
  0.78  -0.70  -0.56  -0.10  -0.95  -0.18  -0.39   2.00 
PRO VAL
  2.00  -1.05  -2.05  -1.63   0.22   1.46   2.00   2.00 
  2.00   2.00   2.00   2.00   2.00   2.00   2.00   2.00 
  2.00  -0.28   0.01  -0.01  -0.43  -0.46   0.60   2.00 
PRO THR
  2.00  -0.70  -1.75  -1.47   0.37   1.44   1.66   2.00 
  2.00   2.00   2.00   2.00   2.00   2.00   2.00   2.00 
  0.75  -1.40  -0.30  -0.21  -0.37  -0.39   0.34   2.00 
PRO ILE
  2.00  -0.59  -2.12  -1.75   0.56   2.00   2.00   2.00 
  2.00   2.00   2.00   2.00   2.00   2.00   2.00   2.00 
  1.45  -0.58  -0.22  -0.10  -0.50   0.03   1.20   2.00 
PRO PRO
  2.00   2.00  -1.77  -2.58  -0.97   2.00   2.00   2.00 
  2.00   2.00   2.00   2.00   2.00   2.00   2.00   2.00 
  2.00   0.14   0.48   0.70   2.00   1.91   2.00   2.00 
PRO MET
  2.00  -0.36  -1.85  -1.66  -0.42   1.03   1.31   2.00 
  2.00   2.00   2.00   2.00   2.00   2.00   2.00   2.00 
  1.72  -0.81  -0.58  -0.23  -0.23  -0.30   0.33   2.00 
PRO ASP
  2.00   1.01  -1.11  -1.72  -0.00   1.18   1.55   2.00 
  2.00   2.00   2.00   2.00   2.00   2.00   2.00   2.00 
  0.69  -2.10  -0.80  -0.26   0.37   0.91   1.55   2.00 
PRO ASN
  2.00   0.93  -1.13  -1.09   0.14   0.86   0.69   2.00 
  2.00   2.00   2.00   2.00   2.00   2.00   2.00   2.00 
  0.17  -2.16  -1.07  -0.13  -0.00   0.17   1.44   2.00 
PRO LEU
  2.00  -0.26  -1.78  -1.99  -0.30   1.99   2.00   2.00 
  2.00   2.00   2.00   2.00   2.00   2.00   2.00   2.00 
  0.71  -0.94  -0.11   0.10  -0.29  -0.14   1.04   2.00 
PRO LYS
  2.00  -0.31  -1.57  -2.00  -0.26   1.06   1.94   2.00 
  2.00   2.00   2.00   2.00   2.00   2.00   2.00   2.00 
  1.35  -1.32  -0.14  -0.01  -0.19   0.14   0.91   2.00 
PRO GLU
  2.00   0.66  -1.16  -1.95  -0.50   1.21   2.00   2.00 
  2.00   2.00   2.00   2.00   2.00   2.00   2.00   2.00 
  0.39  -1.92  -0.21  -0.02   0.36   0.62   2.00   2.00 
PRO GLN
  2.00  -0.24  -1.60  -1.84  -0.18   1.65   1.87   2.00 
  2.00   2.00   2.00   2.00   2.00   2.00   2.00   2.00 
  1.06  -1.60  -0.46   0.69  -0.15   0.16   0.69   2.00 
PRO ARG
  2.00  -0.41  -1.64  -1.74  -0.27   1.34   1.11   2.00 
  2.00   2.00   2.00   2.00   2.00   2.00   2.00   2.00 
  1.02  -1.23  -0.22  -0.14  -0.25  -0.41   0.42   2.00 
PRO HIS
  2.00  -0.10  -0.87  -1.50   0.03   0.34   2.00   2.00 
  2.00   2.00   2.00   2.00   2.00   2.00   2.00   2.00 
  1.13  -1.74  -0.82  -0.56  -0.48  -0.26  -0.26   2.00 
PRO PHE
  2.00  -0.52  -1.24  -1.57  -0.07   1.32   1.65   2.00 
  2.00   2.00   2.00   2.00   2.00   2.00   2.00   2.00 
  0.55  -1.37  -0.63  -0.82  -0.75   0.22   0.08   2.00 
PRO TYR
  2.00  -0.24  -1.04  -1.56   0.19   1.52   0.83   2.00 
  2.00   2.00   2.00   2.00   2.00   2.00   2.00   2.00 
  0.83  -1.63  -0.74  -1.00  -0.42   0.09   0.14   2.00 
PRO TRP
  2.00   0.51  -1.39  -1.31  -0.27   2.00   1.61   2.00 
  2.00   2.00   2.00   2.00   2.00   2.00   2.00   2.00 
  0.22  -1.63  -0.53  -0.88  -0.65  -0.00  -0.10   2.00 
MET GLY
  2.00  -0.07  -1.08  -1.08  -1.86  -0.07   0.57   1.38 
  2.00   2.00   2.00   2.00   2.00   2.00   2.00   2.00 
  1.67  -0.79  -0.12  -0.28  -0.53  -0.28   0.13   2.00 
MET ALA
  2.00  -0.44  -1.83  -1.22  -0.26   2.00   1.35   2.00 
  2.00   2.00   2.00   2.00   2.00   2.00   2.00   2.00 
  1.35  -0.85  -0.73  -0.67  -0.95  -0.36   0.43   2.00 
MET SER
  2.00  -0.58  -1.91  -0.97   0.42   1.26   2.00   2.00 
  2.00   2.00   2.00   2.00   2.00   2.00   2.00   2.00 
  1.67  -0.58  -0.58  -0.73  -1.13  -0.53  -0.12   2.00 
MET CYS
  2.00  -0.00  -1.87  -0.69   0.69   2.00   2.00   2.00 
  2.00   2.00   2.00   2.00   2.00   2.00   2.00   2.00 
 -0.41  -1.39  -0.00  -0.41  -1.25  -0.69   0.69   2.00 
MET VAL
  2.00  -0.84  -2.09  -1.11   1.24   1.24   2.00   2.00 
  2.00   2.00   2.00   2.00   2.00   2.00   2.00   2.00 
  0.55  -0.26   0.32  -0.71  -0.84  -0.63  -0.15   2.00 
MET THR
  2.00  -1.39  -2.06  -0.07   1.32   2.00   1.72   2.00 
  2.00   2.00   2.00   2.00   2.00   2.00   2.00   2.00 
  1.03  -0.53   0.02  -0.42  -1.02  -0.80   0.02   2.00 
MET ILE
  2.00  -0.89  -1.84  -0.89   0.72   2.00   2.00   2.00 
  2.00   2.00   2.00   2.00   2.00   2.00   2.00   2.00 
  1.42  -0.89  -0.98  -1.07  -0.78   0.03   0.03   2.00 
MET PRO
  2.00   0.12  -2.34  -2.15   0.61   1.99   2.00   2.00 
  2.00   2.00   2.00   2.00   2.00   2.00   2.00   2.00 
  2.00   1.30   0.49   1.30   0.61  -0.49   1.99   2.00 
MET MET
  2.00  -0.74  -1.08  -1.08  -0.52   0.86   2.00   2.00 
  2.00   2.00   2.00   2.00   2.00   2.00   2.00   2.00 
  0.86  -1.33   0.17  -1.08  -1.44   0.17   0.17   2.00 
MET ASP
  2.00  -0.37  -1.74  -1.58  -0.08   2.00   1.31   2.00 
  2.00   2.00   2.00   2.00   2.00   2.00   2.00   2.00 
  1.02  -0.77  -0.08  -0.64  -0.89  -0.69   0.46   2.00 
MET ASN
  2.00   0.07  -1.63  -1.51  -0.42   2.00   1.46   2.00 
  2.00   2.00   2.00   2.00   2.00   2.00   2.00   2.00 
  1.05  -1.15  -0.15  -0.74  -0.85  -0.05  -0.34   2.00 
MET LEU
  2.00  -0.63  -1.83  -0.71   1.86   2.00   1.86   1.86 
  2.00   2.00   2.00   2.00   2.00   2.00   2.00   2.00 
 -0.09  -1.32  -0.91  -0.63  -0.78  -0.22   0.25   2.00 
MET LYS
  2.00  -0.74  -1.76  -1.43  -0.48   2.00   1.46   2.00 
  2.00   2.00   2.00   2.00   2.00   2.00   2.00   2.00 
  0.21  -0.89  -0.04  -0.04  -1.02  -0.04   0.08   2.00 
MET GLU
  2.00  -0.75  -1.51  -1.20   0.07   1.33   0.92   2.00 
  2.00   2.00   2.00   2.00   2.00   2.00   2.00   2.00 
  0.63  -1.02  -0.87  -0.81  -0.87  -0.46   0.63   2.00 
MET GLN
  2.00  -0.89  -1.84  -0.89  -0.35   1.59   1.59   2.00 
  2.00   2.00   2.00   2.00   2.00   2.00   2.00   2.00 
  2.00  -1.24  -0.81  -0.49  -0.35  -0.60   0.90   2.00 
MET ARG
  2.00  -0.68  -1.80  -0.75   0.28   2.00   2.00   2.00 
  2.00   2.00   2.00   2.00   2.00   2.00   2.00   2.00 
  0.50  -0.89  -0.06  -0.68  -1.16  -0.95  -0.19   2.00 
MET HIS
  2.00  -1.02  -1.39  -1.39   2.00   0.49   0.49   2.00 
  2.00   2.00   2.00   2.00   2.00   2.00   2.00   2.00 
  2.00  -1.31   0.08  -0.43  -1.39  -0.21   0.49   2.00 
MET PHE
  2.00  -1.07  -1.54  -0.38   0.54   0.13   0.13   2.00 
  2.00   2.00   2.00   2.00   2.00   2.00   2.00   2.00 
 -0.16  -1.26  -1.07  -0.85   0.54  -0.16   0.13   2.00 
MET TYR
  2.00  -0.82  -1.58  -0.48   0.43  -0.26   0.43   1.13 
  2.00   2.00   2.00   2.00   2.00   2.00   2.00   2.00 
  2.00  -1.07  -0.82  -0.82  -0.95  -0.26   0.03   2.00 
MET TRP
  2.00  -0.74  -1.65  -1.43   2.00  -0.04  -0.74   2.00 
  2.00   2.00   2.00   2.00   2.00   2.00   2.00   2.00 
  2.00  -1.43  -0.04  -0.74   2.00   2.00  -0.74   2.00 
ASP GLY
  2.00   1.63  -0.03  -1.24  -2.26  -0.19  -0.13   1.63 
  2.00   2.00   2.00   2.00   2.00   2.00   2.00   2.00 
  2.00  -0.88   0.16   0.08  -0.36  -0.13   1.18   2.00 
ASP ALA
  2.00   0.85  -1.04  -1.70  -0.91   1.49   2.00   2.00 
  2.00   2.00   2.00   2.00   2.00   2.00   2.00   2.00 
  1.40  -0.52  -0.08  -0.90  -1.50  -0.72   1.02   2.00 
ASP SER
  2.00   0.29  -1.13  -1.52  -0.73   1.12   1.29   2.00 
  2.00   2.00   2.00   2.00   2.00   2.00   2.00   2.00 
  1.12  -0.88  -0.37  -0.88  -1.45  -0.59   1.38   2.00 
ASP CYS
  2.00   0.21  -1.25  -1.28  -0.36   1.02   1.31   2.00 
  2.00   2.00   2.00   2.00   2.00   2.00   2.00   2.00 
  2.00  -0.59  -0.08  -1.20  -1.67  -0.64   0.46   2.00 
ASP VAL
  2.00   0.02  -1.56  -1.50   0.16   1.49   2.00   2.00 
  2.00   2.00   2.00   2.00   2.00   2.00   2.00   2.00 
  2.00  -0.17  -0.62  -0.99  -1.38  -0.92   0.98   2.00 
ASP THR
  2.00   0.07  -1.23  -1.28  -0.18   2.00   1.55   2.00 
  2.00   2.00   2.00   2.00   2.00   2.00   2.00   2.00 
  0.99  -0.85  -0.20  -0.94  -1.57  -1.05   1.23   2.00 
ASP ILE
  2.00   0.08  -1.58  -1.48   0.42   1.43   2.00   2.00 
  2.00   2.00   2.00   2.00   2.00   2.00   2.00   2.00 
  1.43  -0.13  -0.65  -1.11  -1.23  -1.08   1.56   2.00 
ASP PRO
  2.00   1.81  -1.83  -2.58   0.00   2.00   2.00   2.00 
  2.00   2.00   2.00   2.00   2.00   2.00   2.00   2.00 
  1.81   0.79   1.24   1.81   0.32  -0.40   2.00   2.00 
ASP MET
  2.00   0.11  -1.17  -1.89   0.02   1.72   1.72   2.00 
  2.00   2.00   2.00   2.00   2.00   2.00   2.00   2.00 
  1.03  -0.22  -0.47  -0.98  -1.41  -0.53   1.32   2.00 
ASP ASP
  2.00   1.23  -0.83  -1.53  -0.87   0.80   0.92   2.00 
  2.00   2.00   2.00   2.00   2.00   2.00   2.00   2.00 
  0.99  -1.47  -0.66  -0.90  -1.17   0.05   2.00   2.00 
ASP ASN
  2.00   0.77  -0.74  -0.99  -1.09   0.48  -0.08   2.00 
  2.00   2.00   2.00   2.00   2.00   2.00   2.00   2.00 
  0.48  -1.28  -0.90  -0.86  -1.19  -0.41   1.69   2.00 
ASP LEU
  2.00   0.32  -1.40  -1.57   0.24   2.00   2.00   2.00 
  2.00   2.00   2.00   2.00   2.00   2.00   2.00   2.00 
  0.74  -0.50  -0.42  -0.81  -1.50  -1.05   1.79   2.00 
ASP LYS
  2.00   0.83  -1.17  -1.60  -0.92   0.83   0.77   2.00 
  2.00   2.00   2.00   2.00   2.00   2.00   2.00   2.00 
  0.56  -0.87  -0.67  -0.87  -1.21  -0.11   2.00   2.00 
ASP GLU
  2.00   0.83  -1.01  -1.79  -1.12   1.58   0.89   2.00 
  2.00   2.00   2.00   2.00   2.00   2.00   2.00   2.00 
  0.77  -0.90  -0.60  -0.83  -1.08  -0.05   2.00   2.00 
ASP GLN
  2.00   0.76  -1.17  -1.59  -0.62   2.00   0.76   2.00 
  2.00   2.00   2.00   2.00   2.00   2.00   2.00   2.00 
  0.66  -1.08  -0.59  -0.97  -1.23  -0.37   1.35   2.00 
ASP ARG
  2.00   0.97  -1.27  -1.62  -0.46   0.48   1.42   2.00 
  2.00   2.00   2.00   2.00   2.00   2.00   2.00   2.00 
  1.06  -0.99  -0.35  -1.03  -1.30  -0.37   1.76   2.00 
ASP HIS
  2.00   0.77  -0.73  -1.64  -0.66   1.46   0.77   2.00 
  2.00   2.00   2.00   2.00   2.00   2.00   2.00   2.00 
  1.87  -0.93  -0.62  -1.22  -1.33  -0.48   1.46   2.00 
ASP PHE
  2.00  -0.02  -1.29  -1.39  -0.16   0.97   1.08   2.00 
  2.00   2.00   2.00   2.00   2.00   2.00   2.00   2.00 
  1.89  -0.64  -0.41  -0.96  -1.45  -0.87   0.44   2.00 
ASP TYR
  2.00  -0.07  -1.27  -1.33  -0.15   0.91   1.73   2.00 
  2.00   2.00   2.00   2.00   2.00   2.00   2.00   2.00 
  0.71  -0.84  -0.72  -0.91  -1.41  -0.70   1.03   2.00 
ASP TRP
  2.00   0.75  -1.61  -1.58   0.05   1.26   2.00   2.00 
  2.00   2.00   2.00   2.00   2.00   2.00   2.00   2.00 
  1.66  -0.42  -0.94  -0.28  -1.60  -0.59   2.00   2.00 
ASN GLY
  2.00   1.39  -0.24  -1.12  -2.10  -0.14  -0.75   1.39 
  2.00   2.00   2.00   2.00   2.00   2.00   2.00   2.00 
  2.00  -0.52   0.29  -0.27  -0.85  -0.22   1.18   2.00 
ASN ALA
  2.00   0.81  -1.28  -1.52  -0.64   1.22   1.58   2.00 
  2.00   2.00   2.00   2.00   2.00   2.00   2.00   2.00 
  1.73  -0.31   0.26  -0.94  -1.74  -0.65   0.75   2.00 
ASN SER
  2.00   0.66  -1.08  -1.34  -0.76   0.93   0.85   2.00 
  2.00   2.00   2.00   2.00   2.00   2.00   2.00   2.00 
  1.88  -0.53  -0.17  -1.12  -1.71  -0.60   1.29   2.00 
ASN CYS
  2.00   0.58  -1.24  -0.80   0.25   0.40   0.81   2.00 
  2.00   2.00   2.00   2.00   2.00   2.00   2.00   2.00 
  1.09  -0.52  -0.11  -0.70  -1.80  -1.50   1.50   2.00 
ASN VAL
  2.00  -0.17  -1.22  -1.13   0.64   2.00   2.00   2.00 
  2.00   2.00   2.00   2.00   2.00   2.00   2.00   2.00 
  2.00   0.08  -0.09  -1.22  -1.73  -1.40   0.84   2.00 
ASN THR
  2.00  -0.07  -1.32  -0.91   0.76   1.20   2.00   2.00 
  2.00   2.00   2.00   2.00   2.00   2.00   2.00   2.00 
  1.60  -0.68  -0.27  -1.16  -1.85  -0.92   1.20   2.00 
ASN ILE
  2.00  -0.17  -1.39  -1.47   0.84   2.00   2.00   2.00 
  2.00   2.00   2.00   2.00   2.00   2.00   2.00   2.00 
  1.12   0.38  -0.05  -1.07  -1.68  -1.22   1.53   2.00 
ASN PRO
  2.00   1.03  -2.04  -2.29   0.28   1.92   2.00   2.00 
  2.00   2.00   2.00   2.00   2.00   2.00   2.00   2.00 
  1.30   0.61   1.16   1.92  -0.36  -0.72   2.00   2.00 
ASN MET
  2.00  -0.11  -1.27  -0.70   0.25   0.58   1.09   2.00 
  2.00   2.00   2.00   2.00   2.00   2.00   2.00   2.00 
  1.50  -0.58  -0.45  -0.99  -1.68  -1.27   0.81   2.00 
ASN ASP
  2.00   1.41  -1.04  -1.32  -1.04   1.27   0.52   2.00 
  2.00   2.00   2.00   2.00   2.00   2.00   2.00   2.00 
  1.15  -0.98  -0.64  -0.90  -1.48  -0.41   1.97   2.00 
ASN ASN
  2.00   0.74  -0.66  -1.23  -1.14   0.34  -0.17   2.00 
  2.00   2.00   2.00   2.00   2.00   2.00   2.00   2.00 
  0.82  -0.90  -0.36  -0.95  -1.45  -0.57   2.00   2.00 
ASN LEU
  2.00  -0.07  -1.37  -1.31   0.45   2.00   1.39   2.00 
  2.00   2.00   2.00   2.00   2.00   2.00   2.00   2.00 
  1.80  -0.07   0.22  -0.83  -1.81  -1.28   1.39   2.00 
ASN LYS
  2.00   1.07  -0.92  -1.67  -0.79   1.42   0.73   2.00 
  2.00   2.00   2.00   2.00   2.00   2.00   2.00   2.00 
  1.58  -0.52  -0.29  -0.95  -1.59  -0.67   1.98   2.00 
ASN GLU
  2.00   1.13  -1.08  -1.61  -0.99   0.93   0.84   2.00 
  2.00   2.00   2.00   2.00   2.00   2.00   2.00   2.00 
  1.72  -0.62  -0.23  -0.95  -1.48  -0.43   1.38   2.00 
ASN GLN
  2.00   0.92  -0.91  -1.14  -0.69   0.79   0.92   2.00 
  2.00   2.00   2.00   2.00   2.00   2.00   2.00   2.00 
  0.92  -0.60  -0.77  -1.14  -1.73  -0.63   2.00   2.00 
ASN ARG
  2.00   0.43  -1.11  -1.35  -0.65   1.97   0.98   2.00 
  2.00   2.00   2.00   2.00   2.00   2.00   2.00   2.00 
  0.76  -0.34  -0.37  -1.08  -1.66  -0.81   1.68   2.00 
ASN HIS
  2.00   0.19  -0.88  -1.45  -1.28   1.00   0.77   1.69 
  2.00   2.00   2.00   2.00   2.00   2.00   2.00   2.00 
  2.00  -0.56  -0.45  -1.02  -1.47  -0.26   1.69   2.00 
ASN PHE
  2.00  -0.38  -1.45  -1.20  -0.01   1.19   0.91   2.00 
  2.00   2.00   2.00   2.00   2.00   2.00   2.00   2.00 
  2.00  -0.11   0.28  -1.06  -1.48  -1.13   0.04   2.00 
ASN TYR
  2.00  -0.44  -1.28  -1.21   0.05   1.21   1.72   2.00 
  2.00   2.00   2.00   2.00   2.00   2.00   2.00   2.00 
  1.72  -0.40  -0.27  -1.03  -1.60  -1.01   0.52   2.00 
ASN TRP
  2.00   0.10  -1.32  -1.51   0.57   1.49   1.08   2.00 
  2.00   2.00   2.00   2.00   2.00   2.00   2.00   2.00 
  1.08   1.49  -0.02  -0.65  -1.90  -1.12   0.79   2.00 
LEU GLY
  2.00   0.10  -1.01  -1.48  -1.78   0.02   0.38   2.00 
  2.00   2.00   2.00   2.00   2.00   2.00   2.00   2.00 
  1.10  -0.85  -0.09  -0.12  -0.38  -0.26   0.41   2.00 
LEU ALA
  2.00  -0.40  -1.69  -1.23   0.07   1.32   1.79   2.00 
  2.00   2.00   2.00   2.00   2.00   2.00   2.00   2.00 
  1.10  -0.90  -0.57  -1.01  -1.03  -0.45   0.46   2.00 
LEU SER
  2.00  -0.74  -1.96  -0.81   0.00   0.90   2.00   2.00 
  2.00   2.00   2.00   2.00   2.00   2.00   2.00   2.00 
  1.49  -0.89  -0.27  -0.86  -0.78  -0.42  -0.02   2.00 
LEU CYS
  2.00  -0.65  -1.48  -1.35  -0.09   0.89   0.60   2.00 
  2.00   2.00   2.00   2.00   2.00   2.00   2.00   2.00 
  0.38  -0.85  -0.21  -0.58  -1.31  -0.32   0.38   2.00 
LEU VAL
  2.00  -1.15  -1.86  -0.57   1.12   1.12   2.00   2.00 
  2.00   2.00   2.00   2.00   2.00   2.00   2.00   2.00 
  1.68  -0.57  -0.82  -1.12  -0.80  -0.46   0.24   2.00 
LEU THR
  2.00  -1.19  -1.94  -0.50   1.23   1.55   2.00   2.00 
  2.00   2.00   2.00   2.00   2.00   2.00   2.00   2.00 
  1.33  -0.83  -0.11  -0.72  -0.77  -0.94   0.02   2.00 
LEU ILE
  2.00  -0.56  -1.91  -0.74   0.71   1.05   1.96   2.00 
  2.00   2.00   2.00   2.00   2.00   2.00   2.00   2.00 
  1.96  -0.43  -1.17  -1.13  -0.81  -0.52   0.71   2.00 
LEU PRO
  2.00   1.01  -2.32  -2.26   0.01   2.00   2.00   2.00 
  2.00   2.00   2.00   2.00   2.00   2.00   2.00   2.00 
  2.00   0.40   0.76   1.09   0.70   0.24   2.00   2.00 
LEU MET
  2.00  -0.63  -1.72  -1.00   0.15   1.25   0.84   2.00 
  2.00   2.00   2.00   2.00   2.00   2.00   2.00   2.00 
  0.55  -1.06  -0.83  -1.00  -0.83  -0.01   0.84   2.00 
LEU ASP
  2.00  -0.33  -1.81  -1.27  -0.43   1.41   1.51   2.00 
  2.00   2.00   2.00   2.00   2.00   2.00   2.00   2.00 
  1.31  -1.04  -0.43  -0.55  -0.80  -0.61   0.82   2.00 
LEU ASN
  2.00  -0.32  -1.58  -1.40  -0.83   1.47   1.34   2.00 
  2.00   2.00   2.00   2.00   2.00   2.00   2.00   2.00 
  0.78  -1.14  -0.53  -0.41  -0.69  -0.37   0.42   2.00 
LEU LEU
  2.00  -0.44  -1.72  -1.09   0.76   1.30   1.17   2.00 
  2.00   2.00   2.00   2.00   2.00   2.00   2.00   2.00 
  0.47  -1.15  -0.76  -1.09  -0.82  -0.16   0.85   2.00 
LEU LYS
  2.00  -0.84  -1.89  -1.19  -0.30   1.92   2.00   2.00 
  2.00   2.00   2.00   2.00   2.00   2.00   2.00   2.00 
  1.33  -0.81  -0.03  -0.55  -0.79  -0.79   0.70   2.00 
LEU GLU
  2.00  -0.57  -1.67  -1.36   0.02   1.84   2.00   2.00 
  2.00   2.00   2.00   2.00   2.00   2.00   2.00   2.00 
  0.28  -1.18  -0.35  -0.28  -0.85  -0.67   0.41   2.00 
LEU GLN
  2.00  -0.53  -1.73  -1.12  -0.35   1.81   1.30   2.00 
  2.00   2.00   2.00   2.00   2.00   2.00   2.00   2.00 
  1.52  -0.73  -0.42  -0.78  -0.96  -0.80   0.27   2.00 
LEU ARG
  2.00  -0.80  -1.87  -1.00   0.28   1.28   2.00   2.00 
  2.00   2.00   2.00   2.00   2.00   2.00   2.00   2.00 
  0.82  -0.73  -0.30  -0.67  -0.97  -0.63  -0.07   2.00 
LEU HIS
  2.00  -0.82  -1.62  -1.09  -0.65   1.75   1.34   2.00 
  2.00   2.00   2.00   2.00   2.00   2.00   2.00   2.00 
  1.34  -1.06  -0.74  -0.45  -0.65  -0.39  -0.13   2.00 
LEU PHE
  2.00  -0.39  -0.97  -0.78   0.61   0.95   0.61   1.86 
  2.00   2.00   2.00   2.00   2.00   2.00   2.00   2.00 
 -0.01  -1.29  -1.18  -1.21  -0.78  -0.62   0.25   2.00 
LEU TYR
  2.00  -0.91  -1.43  -0.97  -0.02   0.67   1.36   2.00 
  2.00   2.00   2.00   2.00   2.00   2.00   2.00   2.00 
  0.26  -1.20  -0.84  -0.76  -0.68  -0.18  -0.18   2.00 
LEU TRP
  2.00  -0.55  -1.84  -1.18   0.84   0.84   1.53   2.00 
  2.00   2.00   2.00   2.00   2.00   2.00   2.00   2.00 
  0.84  -0.67  -0.87  -0.55  -1.11  -0.41   0.43   2.00 
LYS GLY
  2.00   0.57  -0.67  -0.93  -1.57   0.26  -0.32   1.89 
  2.00   2.00   2.00   2.00   2.00   2.00   2.00   2.00 
  1.78  -1.60  -0.34  -0.40  -0.69  -0.26   0.68   2.00 
LYS ALA
  2.00  -0.25  -1.70  -1.41   0.03   0.80   2.00   2.00 
  2.00   2.00   2.00   2.00   2.00   2.00   2.00   2.00 
  0.53  -0.73  -0.37  -0.75  -1.21  -0.19   0.32   2.00 
LYS SER
  2.00  -0.45  -1.37  -1.06   0.19   1.14   0.96   2.00 
  2.00   2.00   2.00   2.00   2.00   2.00   2.00   2.00 
  0.56  -1.25  -0.47  -1.05  -1.34  -0.24   0.96   2.00 
LYS CYS
  2.00  -0.50  -1.84  -1.01  -0.10   0.60   1.51   2.00 
  2.00   2.00   2.00   2.00   2.00   2.00   2.00   2.00 
  0.60  -0.63   0.01  -0.88  -1.13  -0.74   0.82   2.00 
LYS VAL
  2.00  -0.67  -1.96  -1.01   0.96   2.00   1.97   2.00 
  2.00   2.00   2.00   2.00   2.00   2.00   2.00   2.00 
  0.79  -0.04  -0.49  -0.85  -1.12  -0.86   0.36   2.00 
LYS THR
  2.00  -0.83  -1.45  -0.73   0.76   1.46   2.00   1.93 
  2.00   2.00   2.00   2.00   2.00   2.00   2.00   2.00 
  0.28  -1.18  -0.67  -1.11  -1.16  -0.45   0.45   2.00 
LYS ILE
  2.00  -0.68  -2.00  -1.16   1.57   2.00   2.00   2.00 
  2.00   2.00   2.00   2.00   2.00   2.00   2.00   2.00 
  1.10  -0.16  -0.19  -0.89  -0.98  -0.97   0.34   2.00 
LYS PRO
  2.00   0.78  -2.34  -2.18   0.19   2.00   2.00   2.00 
  2.00   2.00   2.00   2.00   2.00   2.00   2.00   2.00 
  2.00   0.42   1.05   1.34   0.30  -0.07   2.00   2.00 
LYS MET
  2.00   0.32  -1.95  -0.98   0.32   1.42   2.00   2.00 
  2.00   2.00   2.00   2.00   2.00   2.00   2.00   2.00 
  0.50  -0.60  -0.66  -0.93  -1.26  -0.29   0.16   2.00 
LYS ASP
  2.00   0.50  -1.07  -0.97  -0.13   0.46  -0.11   2.00 
  2.00   2.00   2.00   2.00   2.00   2.00   2.00   2.00 
  0.16  -1.88  -0.77  -0.84  -0.70   0.32   1.42   2.00 
LYS ASN
  2.00  -0.03  -0.69  -0.82  -0.44   0.54   0.19   1.76 
  2.00   2.00   2.00   2.00   2.00   2.00   2.00   2.00 
  0.23  -1.82  -1.13  -0.84  -0.56  -0.03   1.17   2.00 
LYS LEU
  2.00  -0.33  -1.96  -1.10   0.99   1.68   2.00   2.00 
  2.00   2.00   2.00   2.00   2.00   2.00   2.00   2.00 
  0.58  -0.54  -0.17  -0.76  -1.26  -0.85   1.07   2.00 
LYS LYS
  2.00  -0.30  -1.62  -1.33  -0.37   1.11   1.20   2.00 
  2.00   2.00   2.00   2.00   2.00   2.00   2.00   2.00 
  0.89  -1.00  -0.62  -0.93  -0.97  -0.17   1.20   2.00 
LYS GLU
  2.00   0.28  -1.37  -1.30   0.04   1.02   0.79   2.00 
  2.00   2.00   2.00   2.00   2.00   2.00   2.00   2.00 
 -0.13  -1.38  -0.62  -1.03  -0.95  -0.21   1.56   2.00 
LYS GLN
  2.00  -0.21  -1.44  -1.05  -0.03   1.13   2.00   2.00 
  2.00   2.00   2.00   2.00   2.00   2.00   2.00   2.00 
  0.79  -1.11  -0.66  -0.90  -1.25  -0.79   0.44   2.00 
LYS ARG
  2.00  -0.39  -1.56  -1.12  -0.11   1.03   1.72   2.00 
  2.00   2.00   2.00   2.00   2.00   2.00   2.00   2.00 
  0.11  -1.15  -0.53  -1.05  -1.03  -0.19   0.91   2.00 
LYS HIS
  2.00  -0.06  -1.24  -1.16   0.30   1.40   2.00   2.00 
  2.00   2.00   2.00   2.00   2.00   2.00   2.00   2.00 
  0.10  -1.43  -0.99  -1.19  -0.68  -0.44   0.56   2.00 
LYS PHE
  2.00  -0.88  -1.56  -0.88   0.17   1.20   2.00   2.00 
  2.00   2.00   2.00   2.00   2.00   2.00   2.00   2.00 
  0.24  -1.09  -0.75  -0.91  -0.81  -0.14  -0.29   2.00 
LYS TYR
  2.00  -0.36  -1.32  -0.78   0.91   1.76   1.76   2.00 
  2.00   2.00   2.00   2.00   2.00   2.00   2.00   2.00 
  0.02  -1.50  -0.64  -1.29  -0.97  -0.09  -0.03   2.00 
LYS TRP
  2.00  -0.53  -1.86  -1.38   1.67   0.97   0.57   1.67 
  2.00   2.00   2.00   2.00   2.00   2.00   2.00   2.00 
  0.97  -0.64  -1.11  -0.13  -1.04   0.28   0.57   2.00 
GLU GLY
  2.00   1.11  -0.46  -0.85  -1.46  -0.04  -0.46   1.86 
  2.00   2.00   2.00   2.00   2.00   2.00   2.00   2.00 
  1.01  -1.66  -0.63  -0.18  -0.67  -0.38   0.73   2.00 
GLU ALA
  2.00   0.03  -1.53  -1.41  -0.25   1.13   1.54   2.00 
  2.00   2.00   2.00   2.00   2.00   2.00   2.00   2.00 
  0.62  -1.17  -0.50  -0.86  -1.03  -0.22   0.44   2.00 
GLU SER
  2.00  -0.35  -1.44  -1.15  -0.05   0.93   1.11   2.00 
  2.00   2.00   2.00   2.00   2.00   2.00   2.00   2.00 
  0.42  -1.34  -0.65  -0.91  -0.92  -0.25   0.42   2.00 
GLU CYS
  2.00  -0.85  -1.45  -0.85   0.19   0.89   1.29   2.00 
  2.00   2.00   2.00   2.00   2.00   2.00   2.00   2.00 
  0.60  -0.79  -0.90  -0.90  -1.35   0.19  -0.21   2.00 
GLU VAL
  2.00  -1.03  -1.94  -1.10   1.00   2.00   2.00   2.00 
  2.00   2.00   2.00   2.00   2.00   2.00   2.00   2.00 
  1.00  -0.39  -0.61  -0.96  -0.84  -0.39   0.59   2.00 
GLU THR
  2.00  -0.78  -1.54  -0.75   1.18   2.00   2.00   2.00 
  2.00   2.00   2.00   2.00   2.00   2.00   2.00   2.00 
  0.20  -1.51  -0.43  -0.77  -1.06  -0.70   0.67   2.00 
GLU ILE
  2.00  -0.49  -1.85  -1.04   0.84   2.00   2.00   2.00 
  2.00   2.00   2.00   2.00   2.00   2.00   2.00   2.00 
  0.95  -0.46  -0.63  -1.26  -0.99  -0.68   0.73   2.00 
GLU PRO
  2.00   0.89  -2.24  -2.21  -0.04   2.00   2.00   2.00 
  2.00   2.00   2.00   2.00   2.00   2.00   2.00   2.00 
  1.29   0.01   0.38   1.20   0.16   0.16   2.00   2.00 
GLU MET
  2.00  -0.45  -1.66  -1.06   0.24   1.34   2.00   2.00 
  2.00   2.00   2.00   2.00   2.00   2.00   2.00   2.00 
  0.42  -1.06  -0.45  -0.91  -0.86  -0.68  -0.17   2.00 
GLU ASP
  2.00   0.76  -1.07  -1.17  -0.01   0.55   0.76   2.00 
  2.00   2.00   2.00   2.00   2.00   2.00   2.00   2.00 
  0.19  -1.88  -0.87  -0.82  -0.68   0.10   1.03   2.00 
GLU ASN
  2.00   0.14  -0.77  -0.85  -0.22   0.11  -0.06   2.00 
  2.00   2.00   2.00   2.00   2.00   2.00   2.00   2.00 
  0.04  -1.95  -0.89  -0.60  -0.55  -0.06   1.14   2.00 
GLU LEU
  2.00  -0.45  -1.86  -1.21   0.65   2.00   2.00   2.00 
  2.00   2.00   2.00   2.00   2.00   2.00   2.00   2.00 
  0.53  -1.06  -0.57  -0.73  -1.02  -0.39   1.12   2.00 
GLU LYS
  2.00   0.15  -1.51  -1.22  -0.26   1.06   1.25   2.00 
  2.00   2.00   2.00   2.00   2.00   2.00   2.00   2.00 
 -0.14  -1.46  -0.87  -0.92  -0.51   0.05   1.15   2.00 
GLU GLU
  2.00   0.08  -1.41  -1.50   0.08   0.87   0.68   2.00 
  2.00   2.00   2.00   2.00   2.00   2.00   2.00   2.00 
  0.33  -1.46  -0.60  -0.82  -0.88   0.14   1.56   2.00 
GLU GLN
  2.00   1.08  -1.30  -1.21   0.05   0.74   1.99   2.00 
  2.00   2.00   2.00   2.00   2.00   2.00   2.00   2.00 
 -0.45  -1.53  -0.95  -0.98  -0.87  -0.20   2.00   2.00 
GLU ARG
  2.00  -0.24  -1.46  -1.33  -0.05   1.30   0.69   2.00 
  2.00   2.00   2.00   2.00   2.00   2.00   2.00   2.00 
  0.26  -1.19  -0.72  -1.04  -0.74  -0.31   1.01   2.00 
GLU HIS
  2.00   0.02  -0.99  -0.75   0.20   2.00   1.12   2.00 
  2.00   2.00   2.00   2.00   2.00   2.00   2.00   2.00 
  0.02  -1.54  -1.30  -1.02  -1.02  -0.27   0.31   2.00 
GLU PHE
  2.00  -0.83  -1.74  -0.88   1.34   0.94   2.00   2.00 
  2.00   2.00   2.00   2.00   2.00   2.00   2.00   2.00 
  0.65  -0.83  -0.49  -1.05  -0.60  -0.45  -0.74   2.00 
GLU TYR
  2.00  -0.63  -1.41  -0.79   0.43   1.12   1.63   2.00 
  2.00   2.00   2.00   2.00   2.00   2.00   2.00   2.00 
  0.09  -1.41  -0.79  -0.96  -0.98  -0.10  -0.04   2.00 
GLU TRP
  2.00  -0.04  -1.67  -1.39  -0.04   2.00   2.00   2.00 
  2.00   2.00   2.00   2.00   2.00   2.00   2.00   2.00 
  0.94  -1.05  -0.36  -0.73  -1.09  -0.79   0.66   2.00 
GLN GLY
  2.00   0.89  -0.41  -1.13  -1.83   0.37  -0.25   2.00 
  2.00   2.00   2.00   2.00   2.00   2.00   2.00   2.00 
  1.38  -1.00  -0.53  -0.30  -0.90  -0.51   0.63   2.00 
GLN ALA
  2.00   0.12  -1.49  -1.39  -0.08   1.22   1.06   2.00 
  2.00   2.00   2.00   2.00   2.00   2.00   2.00   2.00 
  0.61  -0.92  -0.49  -0.88  -1.28  -0.39   0.37   2.00 
GLN SER
  2.00  -0.45  -1.68  -1.12  -0.03   0.72   1.63   2.00 
  2.00   2.00   2.00   2.00   2.00   2.00   2.00   2.00 
  1.41  -0.97  -0.35  -1.11  -1.02  -0.31   0.31   2.00 
GLN CYS
  2.00  -0.29  -1.47  -1.04   0.18   1.10   0.18   1.10 
  2.00   2.00   2.00   2.00   2.00   2.00   2.00   2.00 
  0.18  -0.61  -0.61  -0.69  -1.50  -0.51   0.69   2.00 
GLN VAL
  2.00  -0.81  -2.06  -0.70   1.19   2.00   2.00   2.00 
  2.00   2.00   2.00   2.00   2.00   2.00   2.00   2.00 
  1.70  -0.09  -0.46  -1.09  -1.05  -0.67   0.40   2.00 
GLN THR
  2.00  -0.64  -1.77  -0.79   0.75   1.56   1.34   2.00 
  2.00   2.00   2.00   2.00   2.00   2.00   2.00   2.00 
  0.64  -1.08  -0.67  -0.79  -1.21  -0.35   0.55   2.00 
GLN ILE
  2.00  -0.95  -1.94  -0.92   1.44   2.00   2.00   2.00 
  2.00   2.00   2.00   2.00   2.00   2.00   2.00   2.00 
  0.93   0.24  -0.45  -0.95  -1.33  -0.64   0.60   2.00 
GLN PRO
  2.00   0.48  -2.30  -2.15   0.12   2.00   2.00   2.00 
  2.00   2.00   2.00   2.00   2.00   2.00   2.00   2.00 
  2.00   0.36   0.21   0.86   0.42  -0.00   2.00   2.00 
GLN MET
  2.00  -0.72  -1.71  -1.25  -0.03   2.00   0.89   2.00 
  2.00   2.00   2.00   2.00   2.00   2.00   2.00   2.00 
  1.58  -0.21  -0.36  -0.90  -1.41  -0.50   0.89   2.00 
GLN ASP
  2.00   0.36  -1.53  -1.25   0.43   1.61   1.05   2.00 
  2.00   2.00   2.00   2.00   2.00   2.00   2.00   2.00 
  0.23  -1.42  -0.71  -1.19  -0.87   0.06   0.92   2.00 
GLN ASN
  2.00   0.30  -1.20  -0.78  -0.66   0.30   0.22   2.00 
  2.00   2.00   2.00   2.00   2.00   2.00   2.00   2.00 
 -0.03  -1.44  -0.66  -1.01  -1.03  -0.08   0.92   2.00 
GLN LEU
  2.00  -0.15  -1.86  -1.09   1.15   1.33   1.84   2.00 
  2.00   2.00   2.00   2.00   2.00   2.00   2.00   2.00 
  0.74  -0.78  -0.53  -1.05  -1.14  -0.62   0.74   2.00 
GLN LYS
  2.00   0.18  -1.82  -1.35  -0.20   0.95   1.64   2.00 
  2.00   2.00   2.00   2.00   2.00   2.00   2.00   2.00 
  0.18  -0.97  -0.72  -0.59  -0.89  -0.20   1.13   2.00 
GLN GLU
  2.00  -0.21  -1.71  -1.37  -0.31   1.18   2.00   2.00 
  2.00   2.00   2.00   2.00   2.00   2.00   2.00   2.00 
 -0.05  -1.26  -0.05  -0.80  -0.83  -0.05   1.18   2.00 
GLN GLN
  2.00  -0.33  -1.56  -1.17  -0.12   1.75   1.06   2.00 
  2.00   2.00   2.00   2.00   2.00   2.00   2.00   2.00 
  0.25  -0.96  -0.60  -1.08  -1.17  -0.27   2.00   2.00 
GLN ARG
  2.00  -0.58  -1.60  -1.10  -0.31   0.69   1.54   2.00 
  2.00   2.00   2.00   2.00   2.00   2.00   2.00   2.00 
  0.56  -0.66  -0.58  -1.15  -0.89  -0.19  -0.07   2.00 
GLN HIS
  2.00   0.50  -1.20  -0.82  -0.59   0.79   1.20   2.00 
  2.00   2.00   2.00   2.00   2.00   2.00   2.00   2.00 
  0.50  -1.54  -1.10  -1.10  -0.67   0.28  -0.19   2.00 
GLN PHE
  2.00  -1.13  -1.48  -0.68   1.51   1.11   1.11   2.00 
  2.00   2.00   2.00   2.00   2.00   2.00   2.00   2.00 
  0.82  -1.32  -0.57  -1.09  -0.97   0.13  -0.19   2.00 
GLN TYR
  2.00  -0.55  -1.53  -1.05   0.90   1.18   2.00   1.59 
  2.00   2.00   2.00   2.00   2.00   2.00   2.00   2.00 
  0.20  -1.27  -0.98  -0.98  -0.76  -0.12   0.20   2.00 
GLN TRP
  2.00  -0.99  -1.59  -1.16   0.31   2.00   2.00   2.00 
  2.00   2.00   2.00   2.00   2.00   2.00   2.00   2.00 
 -0.20  -0.90  -0.54  -0.54  -1.08  -0.20  -0.20   2.00 
ARG GLY
  2.00   0.02  -0.64  -1.13  -1.71   0.38  -0.03   2.00 
  2.00   2.00   2.00   2.00   2.00   2.00   2.00   2.00 
  1.38  -1.19  -0.27  -0.13  -0.81  -0.64   0.59   2.00 
ARG ALA
  2.00  -0.61  -1.70  -1.29   0.11   2.00   2.00   2.00 
  2.00   2.00   2.00   2.00   2.00   2.00   2.00   2.00 
  0.22  -0.86  -0.21  -0.78  -1.17  -0.53   0.85   2.00 
ARG SER
  2.00  -0.43  -1.51  -1.14   0.10   0.75   2.00   2.00 
  2.00   2.00   2.00   2.00   2.00   2.00   2.00   2.00 
  0.83  -0.96  -0.43  -1.06  -1.32  -0.43   0.67   2.00 
ARG CYS
  2.00  -0.72  -1.84  -1.10  -0.49   1.30   0.89   1.99 
  2.00   2.00   2.00   2.00   2.00   2.00   2.00   2.00 
 -0.09  -0.09  -0.57  -0.72  -1.00   0.89  -0.09   2.00 
ARG VAL
  2.00  -1.00  -1.91  -0.88   1.06   1.20   2.00   2.00 
  2.00   2.00   2.00   2.00   2.00   2.00   2.00   2.00 
  1.06  -0.29  -0.38  -0.81  -1.12  -0.81   0.37   2.00 
ARG THR
  2.00  -0.67  -1.71  -0.62   1.19   2.00   1.06   2.00 
  2.00   2.00   2.00   2.00   2.00   2.00   2.00   2.00 
  0.43  -1.01  -0.60  -1.01  -1.28  -0.42   0.19   2.00 
ARG ILE
  2.00  -0.92  -1.93  -1.03   0.79   2.00   2.00   2.00 
  2.00   2.00   2.00   2.00   2.00   2.00   2.00   2.00 
  1.77  -0.03  -0.47  -0.82  -1.09  -0.94   0.30   2.00 
ARG PRO
  2.00   0.81  -2.33  -2.21   0.47   2.00   2.00   2.00 
  2.00   2.00   2.00   2.00   2.00   2.00   2.00   2.00 
  2.00   0.69   0.34   1.03   0.26   0.12   1.91   2.00 
ARG MET
  2.00  -0.42  -1.94  -0.79   1.78   0.39   1.78   2.00 
  2.00   2.00   2.00   2.00   2.00   2.00   2.00   2.00 
  1.08  -0.86  -0.17  -1.11  -1.06  -0.30  -0.17   2.00 
ARG ASP
  2.00   0.23  -1.40  -1.32   0.19   0.98   0.79   2.00 
  2.00   2.00   2.00   2.00   2.00   2.00   2.00   2.00 
  0.23  -1.51  -0.86  -0.76  -0.83  -0.19   1.33   2.00 
ARG ASN
  2.00   0.55  -1.35  -0.99  -0.66   0.39  -0.15   2.00 
  2.00   2.00   2.00   2.00   2.00   2.00   2.00   2.00 
  0.63  -1.45  -0.78  -0.94  -0.68  -0.06   0.63   2.00 
ARG LEU
  2.00  -0.40  -1.90  -1.25   0.91   2.00   2.00   2.00 
  2.00   2.00   2.00   2.00   2.00   2.00   2.00   2.00 
  0.81  -0.70  -0.37  -0.90  -1.12  -0.58   0.91   2.00 
ARG LYS
  2.00  -0.43  -1.56  -1.45  -0.48   0.62   0.90   2.00 
  2.00   2.00   2.00   2.00   2.00   2.00   2.00   2.00 
  1.15  -0.89  -0.51  -0.45  -1.01  -0.43   0.70   2.00 
ARG GLU
  2.00  -0.10  -1.59  -1.44   0.12   1.17   2.00   2.00 
  2.00   2.00   2.00   2.00   2.00   2.00   2.00   2.00 
  0.55  -1.33  -0.65  -0.96  -0.73  -0.14   1.32   2.00 
ARG GLN
  2.00  -0.14  -1.74  -0.94  -0.07   1.40   0.89   2.00 
  2.00   2.00   2.00   2.00   2.00   2.00   2.00   2.00 
  0.89  -1.21  -0.64  -0.72  -1.24  -0.07   0.42   2.00 
ARG ARG
  2.00  -0.62  -1.63  -1.17  -0.35   0.96   2.00   2.00 
  2.00   2.00   2.00   2.00   2.00   2.00   2.00   2.00 
  1.29  -0.83  -0.35  -1.10  -0.99  -0.53   0.71   2.00 
ARG HIS
  2.00  -0.60  -1.12  -1.05  -0.47   1.08   0.79   2.00 
  2.00   2.00   2.00   2.00   2.00   2.00   2.00   2.00 
  0.56  -1.05  -0.96  -1.00  -1.12  -0.22   0.38   2.00 
ARG PHE
  2.00  -0.77  -1.65  -0.70   0.65   0.94   0.94   2.00 
  2.00   2.00   2.00   2.00   2.00   2.00   2.00   2.00 
  1.12  -1.26  -0.70  -1.01  -0.80  -0.36  -0.04   2.00 
ARG TYR
  2.00  -0.61  -1.57  -1.01   0.17   1.47   1.47   1.88 
  2.00   2.00   2.00   2.00   2.00   2.00   2.00   2.00 
  0.27  -1.30  -0.72  -0.89  -1.01   0.09   0.63   2.00 
ARG TRP
  2.00  -0.10  -1.89  -1.08   0.08   2.00   2.00   2.00 
  2.00   2.00   2.00   2.00   2.00   2.00   2.00   2.00 
  1.00  -0.88  -0.39  -0.71  -1.14  -0.51  -0.26   2.00 
HIS GLY
  2.00  -0.07  -0.92  -1.37  -1.72   0.23  -0.34   1.68 
  2.00   2.00   2.00   2.00   2.00   2.00   2.00   2.00 
  2.00  -0.67   0.12   0.02  -0.85  -0.55   0.58   2.00 
HIS ALA
  2.00  -0.07  -1.37  -1.58  -0.14   0.42   0.55   2.00 
  2.00   2.00   2.00   2.00   2.00   2.00   2.00   2.00 
  0.71  -0.39  -0.07  -0.83  -1.31  -0.55   0.10   2.00 
HIS SER
  2.00  -0.37  -1.78  -0.84   0.07   0.43   1.24   2.00 
  2.00   2.00   2.00   2.00   2.00   2.00   2.00   2.00 
  1.53  -0.93  -0.01  -1.08  -1.24  -0.41   0.23   2.00 
HIS CYS
  2.00   0.52  -1.64  -0.58   0.52   0.92   0.92   2.00 
  2.00   2.00   2.00   2.00   2.00   2.00   2.00   2.00 
  0.23  -0.95  -0.58  -1.09  -1.38  -0.78   0.23   2.00 
HIS VAL
  2.00  -0.71  -1.93  -1.13   0.73   2.00   2.00   2.00 
  2.00   2.00   2.00   2.00   2.00   2.00   2.00   2.00 
  2.00   0.54   0.03  -1.03  -1.38  -0.88   0.26   2.00 
HIS THR
  2.00  -0.98  -1.59  -0.86   0.20   1.91   1.22   2.00 
  2.00   2.00   2.00   2.00   2.00   2.00   2.00   2.00 
  0.99  -0.66  -0.04  -0.98  -1.42  -0.80   0.81   2.00 
HIS ILE
  2.00  -1.07  -1.57  -0.98   0.46   2.00   2.00   2.00 
  2.00   2.00   2.00   2.00   2.00   2.00   2.00   2.00 
  1.38  -0.01  -0.70  -1.46  -0.82  -0.64  -0.13   2.00 
HIS PRO
  2.00   1.75  -1.91  -2.41   0.50   2.00   2.00   2.00 
  2.00   2.00   2.00   2.00   2.00   2.00   2.00   2.00 
  2.00   0.36   0.83   0.83  -0.47  -0.69   2.00   2.00 
HIS MET
  2.00  -0.36  -1.41  -0.88  -0.52   0.73   1.43   2.00 
  2.00   2.00   2.00   2.00   2.00   2.00   2.00   2.00 
  0.73  -0.18   0.33  -1.21  -1.46  -1.06   0.33   2.00 
HIS ASP
  2.00   0.21  -1.48  -1.28   0.31   0.21   0.72   2.00 
  2.00   2.00   2.00   2.00   2.00   2.00   2.00   2.00 
  0.43  -1.32  -0.54  -0.58  -1.36   0.11   0.90   2.00 
HIS ASN
  2.00  -0.68  -1.20  -1.20  -1.06   0.88   0.48   2.00 
  2.00   2.00   2.00   2.00   2.00   2.00   2.00   2.00 
  1.17  -1.06  -0.44  -0.37  -1.17  -0.22   0.19   2.00 
HIS LEU
  2.00  -0.35  -1.64  -1.27   0.80   1.50   1.21   2.00 
  2.00   2.00   2.00   2.00   2.00   2.00   2.00   2.00 
  1.50  -0.70  -0.40  -0.84  -1.46  -0.90   2.00   2.00 
HIS LYS
  2.00  -0.31  -1.75  -1.75   0.18   1.16   1.16   2.00 
  2.00   2.00   2.00   2.00   2.00   2.00   2.00   2.00 
  0.87  -0.23  -0.45  -0.38  -1.15  -0.23   0.65   2.00 
HIS GLU
  2.00  -0.19  -1.23  -1.69  -0.19   1.60   1.20   2.00 
  2.00   2.00   2.00   2.00   2.00   2.00   2.00   2.00 
  1.60  -1.14  -0.41  -0.65  -1.17  -0.54   0.68   2.00 
HIS GLN
  2.00  -0.66  -1.59  -1.59  -0.29   1.21   0.80   2.00 
  2.00   2.00   2.00   2.00   2.00   2.00   2.00   2.00 
  1.90   0.11   0.29  -0.74  -1.27  -0.80   0.80   2.00 
HIS ARG
  2.00  -0.57  -1.78  -1.35  -0.43   0.60   1.11   2.00 
  2.00   2.00   2.00   2.00   2.00   2.00   2.00   2.00 
  2.00  -0.36   0.01  -0.93  -0.84  -0.79   0.82   2.00 
HIS HIS
  2.00  -0.55  -1.31  -1.50  -0.14   0.21   0.21   2.00 
  2.00   2.00   2.00   2.00   2.00   2.00   2.00   2.00 
  1.06  -0.41  -0.55  -0.84  -1.06  -0.24  -0.24   2.00 
HIS PHE
  2.00  -0.79  -1.42  -0.90  -0.44   1.35   1.35   2.00 
  2.00   2.00   2.00   2.00   2.00   2.00   2.00   2.00 
  2.00  -0.44  -0.52  -1.18  -1.42  -0.73   1.35   2.00 
HIS TYR
  2.00  -1.21  -1.35  -1.11   0.45   2.00   1.14   2.00 
  2.00   2.00   2.00   2.00   2.00   2.00   2.00   2.00 
  1.14  -0.25  -0.36  -0.88  -1.39  -0.94   0.22   2.00 
HIS TRP
  2.00  -0.78  -1.40  -1.47  -0.44   2.00   1.17   2.00 
  2.00   2.00   2.00   2.00   2.00   2.00   2.00   2.00 
  1.17  -0.78  -0.22  -0.22  -1.47  -0.22   0.07   2.00 
PHE GLY
  2.00   0.16  -1.23  -1.36  -1.33   0.44   0.29   1.99 
  2.00   2.00   2.00   2.00   2.00   2.00   2.00   2.00 
  1.99  -0.84  -0.33  -0.31  -0.94  -0.61   0.08   2.00 
PHE ALA
  2.00  -0.61  -1.60  -1.27   0.81   0.96   1.37   2.00 
  2.00   2.00   2.00   2.00   2.00   2.00   2.00   2.00 
  1.37  -0.80  -0.46  -0.71  -1.25  -0.50  -0.24   2.00 
PHE SER
  2.00  -0.95  -1.81  -1.02  -0.01   1.74   2.00   2.00 
  2.00   2.00   2.00   2.00   2.00   2.00   2.00   2.00 
  2.00  -0.43   0.35  -0.77  -1.11  -0.86  -0.31   2.00 
PHE CYS
  2.00  -1.20  -1.65  -1.20   0.34   1.44   1.44   2.00 
  2.00   2.00   2.00   2.00   2.00   2.00   2.00   2.00 
  0.34  -0.76  -0.51   0.05  -1.27   0.34  -0.17   2.00 
PHE VAL
  2.00  -1.16  -1.66  -0.81   0.45   1.83   2.00   2.00 
  2.00   2.00   2.00   2.00   2.00   2.00   2.00   2.00 
  0.45  -0.36  -0.57  -0.73  -0.94  -0.97  -0.25   2.00 
PHE THR
  2.00  -1.28  -1.75  -0.61   0.64   2.00   2.00   2.00 
  2.00   2.00   2.00   2.00   2.00   2.00   2.00   2.00 
  1.84  -0.32  -0.49  -0.58  -0.97  -1.15  -0.32   2.00 
PHE ILE
  2.00  -1.17  -1.87  -0.61   0.55   2.00   2.00   2.00 
  2.00   2.00   2.00   2.00   2.00   2.00   2.00   2.00 
  2.00  -0.41  -0.48  -0.78  -0.93  -0.98  -0.14   2.00 
PHE PRO
  2.00   0.90  -2.20  -1.98   0.20   2.00   2.00   2.00 
  2.00   2.00   2.00   2.00   2.00   2.00   2.00   2.00 
  1.59  -0.05   0.05   0.82  -0.51  -0.70   2.00   2.00 
PHE MET
  2.00  -0.58  -1.59  -0.69   0.12   2.00   0.41   2.00 
  2.00   2.00   2.00   2.00   2.00   2.00   2.00   2.00 
  0.41  -0.98  -0.44  -1.33  -1.06  -0.44   0.41   2.00 
PHE ASP
  2.00  -0.17  -1.98  -1.47  -0.01   1.78   1.22   2.00 
  2.00   2.00   2.00   2.00   2.00   2.00   2.00   2.00 
  1.78  -0.68  -0.36  -0.60  -0.66  -0.45   0.12   2.00 
PHE ASN
  2.00  -0.72  -1.74  -1.14  -0.12   0.38   0.70   2.00 
  2.00   2.00   2.00   2.00   2.00   2.00   2.00   2.00 
  2.00  -0.94  -0.48  -0.44  -0.44  -0.86  -0.06   2.00 
PHE LEU
  2.00  -0.84  -1.65  -0.73   1.11   0.70   0.88   2.00 
  2.00   2.00   2.00   2.00   2.00   2.00   2.00   2.00 
  1.11  -1.03  -0.60  -0.88  -1.09  -0.77   0.55   2.00 
PHE LYS
  2.00  -0.86  -2.02  -1.30   0.39   2.00   2.00   2.00 
  2.00   2.00   2.00   2.00   2.00   2.00   2.00   2.00 
  2.00  -0.12   0.17  -0.42  -1.08  -0.68  -0.02   2.00 
PHE GLU
  2.00  -0.85  -1.78  -1.16   1.13   1.64   1.64   2.00 
  2.00   2.00   2.00   2.00   2.00   2.00   2.00   2.00 
  1.64  -0.85  -0.31  -0.79  -1.11  -0.44  -0.15   2.00 
PHE GLN
  2.00  -1.04  -1.94  -1.18   0.68   2.00   1.19   2.00 
  2.00   2.00   2.00   2.00   2.00   2.00   2.00   2.00 
  0.68   0.09   0.34  -0.85  -0.93  -0.93   0.68   2.00 
PHE ARG
  2.00  -0.77  -1.64  -1.09   0.09   0.88   1.80   2.00 
  2.00   2.00   2.00   2.00   2.00   2.00   2.00   2.00 
  0.88  -0.40  -0.28  -0.73  -1.25  -0.77  -0.28   2.00 
PHE HIS
  2.00  -0.79  -1.79  -1.37   1.16   1.85   1.16   2.00 
  2.00   2.00   2.00   2.00   2.00   2.00   2.00   2.00 
  2.00  -0.55  -0.63  -0.79  -1.04  -0.45   0.06   2.00 
PHE PHE
  2.00  -0.77  -1.46  -0.64   0.21   0.91   2.00   2.00 
  2.00   2.00   2.00   2.00   2.00   2.00   2.00   2.00 
 -0.08  -1.17  -0.48  -1.22  -0.89  -0.56   0.06   2.00 
PHE TYR
  2.00  -1.12  -1.69  -0.62   0.63   0.92  -0.06   2.00 
  2.00   2.00   2.00   2.00   2.00   2.00   2.00   2.00 
  0.63  -0.75  -0.87  -0.62  -0.81  -0.46   0.07   2.00 
PHE TRP
  2.00  -0.95  -1.71  -0.95   2.00   2.00   2.00   2.00 
  2.00   2.00   2.00   2.00   2.00   2.00   2.00   2.00 
  1.00  -1.31  -0.39  -0.61  -0.80  -0.10  -0.95   2.00 
TYR GLY
  2.00   0.09  -1.01  -1.27  -1.54  -0.06   0.26   2.00 
  2.00   2.00   2.00   2.00   2.00   2.00   2.00   2.00 
  1.36  -0.96  -0.48  -0.41  -0.54  -0.63   0.42   2.00 
TYR ALA
  2.00  -0.28  -1.64  -1.02  -0.17   1.06   1.57   2.00 
  2.00   2.00   2.00   2.00   2.00   2.00   2.00   2.00 
  1.97  -0.67  -0.33  -1.05  -1.23  -0.89   0.27   2.00 
TYR SER
  2.00  -1.08  -1.60  -0.94   0.05   0.92   2.00   2.00 
  2.00   2.00   2.00   2.00   2.00   2.00   2.00   2.00 
  1.90  -0.67  -0.26  -1.01  -0.94  -0.69  -0.34   2.00 
TYR CYS
  2.00  -1.02  -1.75  -1.16  -0.24   2.00   0.45   2.00 
  2.00   2.00   2.00   2.00   2.00   2.00   2.00   2.00 
  2.00  -0.06   0.16  -0.40  -1.22  -0.53  -0.65   2.00 
TYR VAL
  2.00  -1.19  -2.01  -0.49   1.81   1.81   1.81   2.00 
  2.00   2.00   2.00   2.00   2.00   2.00   2.00   2.00 
  2.00   0.10   0.30  -0.96  -1.16  -0.96  -0.06   2.00 
TYR THR
  2.00  -1.36  -1.92  -0.55   0.99   1.68   2.00   2.00 
  2.00   2.00   2.00   2.00   2.00   2.00   2.00   2.00 
  0.84   0.48  -0.16  -0.55  -0.93  -0.93  -0.58   2.00 
TYR ILE
  2.00  -1.25  -2.01  -1.22   1.46   2.00   2.00   2.00 
  2.00   2.00   2.00   2.00   2.00   2.00   2.00   2.00 
  2.00  -0.49  -0.34  -0.34  -0.62  -0.85   0.36   2.00 
TYR PRO
  2.00   0.84  -2.16  -1.97   0.75   1.63   2.00   2.00 
  2.00   2.00   2.00   2.00   2.00   2.00   2.00   2.00 
  1.63  -0.32  -0.09   0.60  -0.63  -0.59   2.00   2.00 
TYR MET
  2.00  -1.13  -1.64  -0.44   0.26   1.35   2.00   2.00 
  2.00   2.00   2.00   2.00   2.00   2.00   2.00   2.00 
 -0.03  -0.84  -0.25  -1.28  -0.95  -0.03  -0.25   2.00 
TYR ASP
  2.00  -0.50  -1.90  -1.21   0.01   1.96   1.67   2.00 
  2.00   2.00   2.00   2.00   2.00   2.00   2.00   2.00 
  1.67  -0.77  -0.77  -0.70  -0.88  -0.41   0.66   2.00 
TYR ASN
  2.00  -0.49  -1.59  -1.15  -0.45   0.78   0.33   2.00 
  2.00   2.00   2.00   2.00   2.00   2.00   2.00   2.00 
  1.12  -0.96  -0.68  -0.57  -0.71  -0.71   0.53   2.00 
TYR LEU
  2.00  -0.01  -1.82  -1.19   0.17   0.86   1.09   2.00 
  2.00   2.00   2.00   2.00   2.00   2.00   2.00   2.00 
  0.53  -0.70  -0.52  -0.57  -1.19  -0.62   0.39   2.00 
TYR LYS
  2.00  -1.10  -1.67  -1.00  -0.14   0.69   0.69   1.54 
  2.00   2.00   2.00   2.00   2.00   2.00   2.00   2.00 
  1.03  -0.77  -0.00  -0.50  -0.54  -1.08   0.24   2.00 
TYR GLU
  2.00  -0.90  -1.88  -1.28   0.02   1.27   1.56   2.00 
  2.00   2.00   2.00   2.00   2.00   2.00   2.00   2.00 
  0.86  -0.71  -0.34  -0.34  -0.90  -0.48   0.46   2.00 
TYR GLN
  2.00  -0.91  -1.82  -1.24  -0.17   1.03   2.00   1.44 
  2.00   2.00   2.00   2.00   2.00   2.00   2.00   2.00 
  2.00  -0.43  -0.07  -0.51  -0.81  -0.87   0.18   2.00 
TYR ARG
  2.00  -0.90  -1.73  -1.11   0.23   1.84   1.84   1.43 
  2.00   2.00   2.00   2.00   2.00   2.00   2.00   2.00 
  1.43  -0.61   0.33  -0.69  -0.97  -1.11  -0.04   2.00 
TYR HIS
  2.00  -0.88  -1.77  -1.05   0.51   1.20   0.11   2.00 
  2.00   2.00   2.00   2.00   2.00   2.00   2.00   2.00 
  1.20  -0.74  -0.50  -0.59  -0.41  -0.67  -0.59   2.00 
TYR PHE
  2.00  -0.78  -1.21  -0.72   0.95   0.44   0.44   2.00 
  2.00   2.00   2.00   2.00   2.00   2.00   2.00   2.00 
 -0.03  -1.12  -0.65  -1.38  -0.84  -0.43   0.11   2.00 
TYR TYR
  2.00  -1.16  -1.67  -0.54   0.41   1.33   0.63   2.00 
  2.00   2.00   2.00   2.00   2.00   2.00   2.00   2.00 
  0.92  -0.62  -0.81  -0.75  -0.75  -0.87  -0.18   2.00 
TYR TRP
  2.00  -0.54  -1.64  -1.43   0.31   0.71   2.00   2.00 
  2.00   2.00   2.00   2.00   2.00   2.00   2.00   2.00 
  0.02  -1.16  -0.67  -0.38  -0.79   0.02   0.02   2.00 
TRP GLY
  2.00  -0.12  -1.02  -1.34  -1.30   0.83  -0.12   2.00 
  2.00   2.00   2.00   2.00   2.00   2.00   2.00   2.00 
  1.75  -1.11  -0.33  -0.33  -0.82  -0.65   0.25   2.00 
TRP ALA
  2.00  -0.41  -1.42  -1.22   0.58   1.67   2.00   2.00 
  2.00   2.00   2.00   2.00   2.00   2.00   2.00   2.00 
  0.58  -0.81  -0.72  -1.27  -0.89  -0.81  -0.12   2.00 
TRP SER
  2.00  -1.10  -1.73  -1.18  -0.12   1.39   2.00   2.00 
  2.00   2.00   2.00   2.00   2.00   2.00   2.00   2.00 
  0.69  -0.92  -0.00  -0.56  -0.92  -0.32  -0.00   2.00 
TRP CYS
  2.00  -1.27  -1.12  -0.43   0.67   2.00   2.00   2.00 
  2.00   2.00   2.00   2.00   2.00   2.00   2.00   2.00 
  2.00  -0.43  -0.02  -1.12  -1.89  -0.02  -0.71   2.00 
TRP VAL
  2.00  -0.70  -2.03  -0.70   0.80   2.00   0.80   2.00 
  2.00   2.00   2.00   2.00   2.00   2.00   2.00   2.00 
  2.00  -0.11   0.40  -1.07  -0.90  -1.07  -0.30   2.00 
TRP THR
  2.00  -1.28  -1.99  -0.62   2.00   1.33   2.00   2.00 
  2.00   2.00   2.00   2.00   2.00   2.00   2.00   2.00 
  2.00  -0.69  -0.38  -0.81  -0.87  -0.18  -0.46   2.00 
TRP ILE
  2.00  -1.20  -1.57  -1.31  -0.10   1.00   2.00   2.00 
  2.00   2.00   2.00   2.00   2.00   2.00   2.00   2.00 
  1.00  -0.10  -0.10  -1.20  -1.08  -0.39   1.00   2.00 
TRP PRO
  2.00   2.00  -2.23  -1.68   2.00   2.00   2.00   2.00 
  2.00   2.00   2.00   2.00   2.00   2.00   2.00   2.00 
  2.00  -0.53  -0.80   1.34  -0.80  -0.96   2.00   2.00 
TRP MET
  2.00  -0.88  -1.28   0.51  -0.18   2.00   0.51   2.00 
  2.00   2.00   2.00   2.00   2.00   2.00   2.00   2.00 
 -0.18  -1.10   2.00  -0.88  -1.44  -1.44   0.51   2.00 
TRP ASP
  2.00  -0.36  -1.58  -1.38   0.12   0.82   0.82   2.00 
  2.00   2.00   2.00   2.00   2.00   2.00   2.00   2.00 
  0.82  -1.13  -0.44  -0.44  -0.69  -0.74  -0.20   2.00 
TRP ASN
  2.00  -0.13  -1.65  -0.82   0.21   1.82  -0.26   2.00 
  2.00   2.00   2.00   2.00   2.00   2.00   2.00   2.00 
  1.82  -1.07  -0.82  -1.07  -0.67  -0.82   0.43   2.00 
TRP LEU
  2.00  -1.17  -1.48  -1.17   0.56   1.66   2.00   2.00 
  2.00   2.00   2.00   2.00   2.00   2.00   2.00   2.00 
  0.97  -1.43  -0.42  -1.11  -0.54  -0.13   0.97   2.00 
TRP LYS
  2.00  -1.03  -1.56  -1.41   1.11   1.11   1.81   1.81 
  2.00   2.00   2.00   2.00   2.00   2.00   2.00   2.00 
  1.11  -0.76  -0.14  -0.59  -0.83  -0.76  -0.39   2.00 
TRP GLU
  2.00  -0.97  -1.49  -1.41   0.01   1.81   2.00   1.81 
  2.00   2.00   2.00   2.00   2.00   2.00   2.00   2.00 
  2.00  -1.08  -0.39  -1.03  -0.59  -0.68   0.71   2.00 
TRP GLN
  2.00  -1.21  -1.84  -0.52   0.46   0.17   0.86   2.00 
  2.00   2.00   2.00   2.00   2.00   2.00   2.00   2.00 
  0.46  -0.84   0.17  -0.52  -0.93  -0.64   0.17   2.00 
TRP ARG
  2.00  -1.54  -1.48  -0.67   2.00   2.00   2.00   1.41 
  2.00   2.00   2.00   2.00   2.00   2.00   2.00   2.00 
 -0.20  -0.99  -0.79  -0.38  -0.38   0.02  -0.99   2.00 
TRP HIS
  2.00  -1.59  -1.67  -0.71   0.21   2.00   2.00   2.00 
  2.00   2.00   2.00   2.00   2.00   2.00   2.00   2.00 
  0.90   0.90   0.21  -0.49  -1.18  -0.49  -1.05   2.00 
TRP PHE
  2.00  -0.88  -1.49  -0.88   1.07   2.00   2.00   2.00 
  2.00   2.00   2.00   2.00   2.00   2.00   2.00   2.00 
 -0.54  -1.23   0.38  -1.13  -0.88  -0.03  -0.72   2.00 
TRP TYR
  2.00  -0.85  -1.60  -0.85   0.54   1.23   2.00   2.00 
  2.00   2.00   2.00   2.00   2.00   2.00   2.00   2.00 
  2.00  -1.34  -0.72  -1.17  -0.72   0.13  -0.38   2.00 
TRP TRP
  2.00  -0.13  -0.54  -1.52   2.00   0.56   2.00   2.00 
  2.00   2.00   2.00   2.00   2.00   2.00   2.00   2.00 
  2.00  -1.93  -0.13  -0.83  -1.05  -0.13  -0.54   2.00 
