GLY GLY
  2.00   2.00   2.00   2.00   1.18  -0.41  -0.39  -0.41  -0.80  -0.68  -0.70  -1.04  -0.51   0.83   2.00   2.00 
GLY ALA
  2.00   2.00   2.00   2.00   1.44   0.72   0.34   0.13  -0.61  -1.09  -1.30  -1.08  -0.53   0.72   2.00   2.00 
GLY SER
  2.00   2.00   2.00   2.00   1.91   0.58   0.28   0.22  -0.41  -0.93  -1.26  -1.29  -0.63   0.65   2.00   2.00 
GLY CYS
  2.00   2.00   2.00   2.00   1.82   0.72   0.21  -0.16  -0.53  -1.14  -1.09  -1.03  -0.69   0.31   2.00   2.00 
GLY VAL
  2.00   2.00   2.00   2.00   2.00   1.15   0.75   0.60  -0.49  -0.85  -1.33  -1.36  -0.78   0.50   2.00   2.00 
GLY THR
  2.00   2.00   2.00   2.00   1.15   0.88   0.49   0.60  -0.18  -0.94  -1.35  -1.39  -0.62   0.58   2.00   2.00 
GLY ILE
  2.00   2.00   2.00   2.00   2.00   1.34   0.72   0.38  -0.33  -1.02  -1.40  -1.35  -0.63   0.72   2.00   2.00 
GLY PRO
  2.00   2.00   2.00   2.00   2.00   2.00   1.60   0.60  -0.34  -1.17  -1.55  -1.36  -0.39   1.06   2.00   2.00 
GLY MET
  2.00   2.00   2.00   2.00   1.37   0.86   0.17   0.12  -0.60  -0.88  -1.27  -1.24  -0.45   0.33   2.00   2.00 
GLY ASP
  2.00   2.00   2.00   2.00   1.14  -0.12  -0.01  -0.04  -0.47  -0.93  -1.27  -1.14  -0.27   1.05   2.00   2.00 
GLY ASN
  2.00   2.00   2.00   2.00   0.93  -0.21  -0.35   0.00  -0.63  -0.79  -1.16  -1.14  -0.22   1.23   2.00   2.00 
GLY LEU
  2.00   2.00   2.00   2.00   2.00   0.54   0.29   0.26  -0.31  -1.02  -1.34  -1.25  -0.55   0.52   2.00   2.00 
GLY LYS
  2.00   2.00   2.00   2.00   1.83   0.35   0.06   0.52  -0.33  -0.91  -1.31  -1.37  -0.53   1.14   2.00   2.00 
GLY GLU
  2.00   2.00   2.00   2.00   1.70   0.33   0.20   0.11  -0.49  -0.84  -1.44  -1.23  -0.47   1.86   2.00   2.00 
GLY GLN
  2.00   2.00   2.00   2.00   1.31   0.30  -0.10  -0.08  -0.50  -0.75  -1.16  -1.39  -0.35   0.90   2.00   2.00 
GLY ARG
  2.00   2.00   2.00   2.00   1.69   0.42   0.25   0.31  -0.48  -0.78  -1.32  -1.36  -0.56   0.88   2.00   2.00 
GLY HIS
  2.00   2.00   2.00   2.00   0.77   0.05  -0.30  -0.08  -0.37  -0.58  -1.15  -1.34  -0.42   0.93   2.00   2.00 
GLY PHE
  2.00   2.00   2.00   2.00   1.06   0.47  -0.04   0.22  -0.56  -0.78  -1.19  -1.18  -0.71   0.43   2.00   2.00 
GLY TYR
  2.00   2.00   2.00   2.00   0.98   0.38   0.12  -0.14  -0.59  -0.71  -1.12  -1.20  -0.64   0.29   2.00   2.00 
GLY TRP
  2.00   2.00   2.00   2.00   2.00   0.64   0.09   0.47  -0.43  -1.09  -1.23  -1.17  -0.81   0.84   2.00   2.00 
ALA GLY
  2.00   2.00   2.00   2.00  -0.14  -1.18  -0.68  -0.44  -0.60  -0.42  -0.38  -0.49  -0.09   0.81   2.00   2.00 
ALA ALA
  2.00   2.00   2.00   2.00   1.52   0.82   0.01  -0.05  -0.98  -0.96  -0.85  -1.10  -0.73   0.60   2.00   2.00 
ALA SER
  2.00   2.00   2.00   2.00   1.62   0.18  -0.27  -0.18  -0.93  -0.88  -0.62  -1.03  -0.78   0.58   2.00   2.00 
ALA CYS
  2.00   2.00   2.00   2.00   0.47  -0.33   0.10  -0.11  -0.83  -0.83  -0.63  -0.63  -0.77  -0.28   1.97   2.00 
ALA VAL
  2.00   2.00   2.00   2.00   2.00   0.79   0.40   0.58  -0.77  -0.88  -0.98  -1.03  -1.11  -0.06   2.00   2.00 
ALA THR
  2.00   2.00   2.00   2.00   1.41   0.22   0.26  -0.01  -0.64  -0.80  -0.98  -0.92  -0.94  -0.19   2.00   2.00 
ALA ILE
  2.00   2.00   2.00   2.00   2.00   1.05   0.65  -0.02  -0.77  -0.98  -0.95  -0.86  -1.14  -0.05   2.00   2.00 
ALA PRO
  2.00   2.00   2.00   2.00   2.00   1.90   1.08   0.06  -0.86  -1.11  -0.52  -1.38  -1.10   0.69   2.00   2.00 
ALA MET
  2.00   2.00   2.00   2.00   1.38   0.17   0.86  -0.47  -1.19  -0.86  -1.14  -0.36  -0.66   0.28   2.00   2.00 
ALA ASP
  2.00   2.00   2.00   2.00   1.57   0.09  -0.25  -0.25  -0.98  -0.97  -0.69  -1.00  -0.63   0.96   2.00   2.00 
ALA ASN
  2.00   2.00   2.00   2.00   1.06  -0.36  -0.59  -0.50  -0.73  -0.98  -0.75  -0.54  -0.48   0.57   2.00   2.00 
ALA LEU
  2.00   2.00   2.00   2.00   1.94   0.79   0.30  -0.34  -0.66  -0.90  -0.99  -1.10  -0.83   0.17   2.00   2.00 
ALA LYS
  2.00   2.00   2.00   2.00   1.70   0.11  -0.41  -0.32  -0.92  -0.97  -0.79  -0.83  -0.66   0.95   2.00   2.00 
ALA GLU
  2.00   2.00   2.00   2.00   1.56   0.36  -0.43  -0.51  -0.96  -0.82  -0.72  -0.91  -0.71   0.86   2.00   2.00 
ALA GLN
  2.00   2.00   2.00   2.00   2.00   0.21  -0.27  -0.42  -1.23  -0.83  -0.70  -0.79  -0.57   0.76   2.00   2.00 
ALA ARG
  2.00   2.00   2.00   2.00   1.68   0.13  -0.29  -0.22  -0.96  -0.88  -0.80  -1.01  -0.50   0.49   2.00   2.00 
ALA HIS
  2.00   2.00   2.00   2.00   1.06   0.30  -0.21  -0.25  -0.78  -0.94  -0.78  -0.88  -0.78   0.12   2.00   2.00 
ALA PHE
  2.00   2.00   2.00   2.00   2.00   0.30   0.08  -0.07  -0.74  -0.90  -1.07  -0.93  -0.63  -0.13   2.00   2.00 
ALA TYR
  2.00   2.00   2.00   2.00   1.34   0.18  -0.24  -0.20  -0.80  -1.03  -0.59  -0.90  -0.66  -0.01   2.00   2.00 
ALA TRP
  2.00   2.00   2.00   2.00   0.61   0.21  -0.82  -0.24  -0.59  -0.49  -0.37  -1.21  -0.89   1.02   2.00   2.00 
SER GLY
  2.00   2.00   2.00   2.00   0.15  -1.03  -0.58  -0.54  -0.77  -0.35  -0.46  -0.57  -0.29   0.65   2.00   2.00 
SER ALA
  2.00   2.00   2.00   2.00   1.64   0.67  -0.12  -0.28  -1.15  -1.02  -0.89  -0.69  -0.53   0.30   2.00   2.00 
SER SER
  2.00   2.00   2.00   2.00   1.45   0.14  -0.01  -0.32  -0.96  -0.96  -0.93  -0.72  -0.62   0.29   2.00   2.00 
SER CYS
  2.00   2.00   2.00   2.00   0.27   0.59   0.47   0.10  -1.14  -0.77  -0.89  -0.59  -0.83  -0.28   2.00   2.00 
SER VAL
  2.00   2.00   2.00   2.00   2.00   0.52   0.33  -0.16  -0.94  -0.90  -1.00  -0.83  -0.89   0.08   2.00   2.00 
SER THR
  2.00   2.00   2.00   2.00   1.25   0.06   0.08  -0.26  -0.97  -0.84  -0.95  -0.62  -0.74   0.03   2.00   2.00 
SER ILE
  2.00   2.00   2.00   2.00   1.97   0.59   0.69  -0.13  -0.99  -0.91  -1.09  -0.85  -0.91   0.41   2.00   2.00 
SER PRO
  2.00   2.00   2.00   2.00   2.00   1.67   0.85  -0.08  -0.97  -1.29  -0.50  -1.01  -1.11   0.57   2.00   2.00 
SER MET
  2.00   2.00   2.00   2.00   2.00   0.18  -0.43  -0.43  -1.04  -0.75  -0.87  -0.75  -0.59   0.18   2.00   2.00 
SER ASP
  2.00   2.00   2.00   2.00   2.00  -0.27  -0.41  -0.42  -0.89  -1.09  -0.76  -0.63  -0.48   0.82   2.00   2.00 
SER ASN
  2.00   2.00   2.00   2.00   1.28  -0.20  -0.64  -0.43  -0.83  -1.02  -0.67  -0.60  -0.48   0.71   2.00   2.00 
SER LEU
  2.00   2.00   2.00   2.00   1.71   0.61  -0.23  -0.39  -1.00  -0.96  -0.80  -0.90  -0.66   0.58   2.00   2.00 
SER LYS
  2.00   2.00   2.00   2.00   2.00   0.30  -0.33  -0.49  -1.00  -0.94  -0.98  -0.70  -0.50   0.62   2.00   2.00 
SER GLU
  2.00   2.00   2.00   2.00   1.85   0.08  -0.42  -0.47  -0.92  -1.01  -0.85  -0.76  -0.36   0.49   2.00   2.00 
SER GLN
  2.00   2.00   2.00   2.00   1.79   0.18  -0.19  -0.34  -0.79  -0.97  -1.05  -0.50  -0.67  -0.01   2.00   2.00 
SER ARG
  2.00   2.00   2.00   2.00   1.89   0.22  -0.17  -0.33  -0.82  -0.89  -1.06  -0.83  -0.57   0.31   2.00   2.00 
SER HIS
  2.00   2.00   2.00   2.00   0.97  -0.17  -0.26  -0.58  -0.67  -0.72  -0.87  -0.77  -0.61   0.21   2.00   2.00 
SER PHE
  2.00   2.00   2.00   2.00   1.79   0.11  -0.41  -0.55  -0.85  -0.76  -0.77  -0.96  -0.57   0.46   2.00   2.00 
SER TYR
  2.00   2.00   2.00   2.00   1.42  -0.00  -0.13  -0.50  -1.03  -1.06  -0.68  -0.64  -0.60   0.53   2.00   2.00 
SER TRP
  2.00   2.00   2.00   2.00   1.73   0.12  -0.41  -0.06  -1.05  -0.98  -1.01  -0.47  -0.35   0.02   2.00   2.00 
CYS GLY
  2.00   2.00   2.00   2.00   1.72  -0.07   0.06  -0.53  -0.72  -0.83  -1.04  -1.04  -0.51   0.91   2.00   2.00 
CYS ALA
  2.00   2.00   2.00   2.00   1.29   0.60   0.48   0.38  -0.85  -0.79  -0.82  -1.29  -1.04   0.48   2.00   2.00 
CYS SER
  2.00   2.00   2.00   2.00   2.00   0.50   0.19  -0.09  -0.53  -0.91  -1.12  -1.40  -0.47   0.70   2.00   2.00 
CYS CYS
  2.00   2.00   2.00   2.00   1.91   0.30   1.22  -0.17  -0.66  -0.80  -0.17  -1.31  -1.23  -0.17   2.00   2.00 
CYS VAL
  2.00   2.00   2.00   2.00   2.00   1.08   0.38  -0.10  -0.76  -0.90  -0.94  -1.23  -0.76  -0.10   2.00   2.00 
CYS THR
  2.00   2.00   2.00   2.00   1.24   0.68   0.43  -0.14  -1.03  -0.59  -0.93  -1.18  -0.77   0.15   2.00   2.00 
CYS ILE
  2.00   2.00   2.00   2.00   2.00   2.00   0.65  -0.14  -0.92  -0.51  -0.83  -1.18  -1.24  -0.04   2.00   2.00 
CYS PRO
  2.00   2.00   2.00   2.00   2.00   1.74   1.05  -0.05  -0.34  -0.59  -0.63  -1.55  -1.30   0.13   2.00   2.00 
CYS MET
  2.00   2.00   2.00   2.00   1.06   1.06   1.06   0.36  -1.14  -0.74  -0.55  -1.25  -1.25   1.06   2.00   2.00 
CYS ASP
  2.00   2.00   2.00   2.00   1.44   0.52  -0.06  -0.51  -0.89  -0.84  -0.70  -1.23  -0.67   1.44   2.00   2.00 
CYS ASN
  2.00   2.00   2.00   2.00   1.98   0.37  -0.10   0.18  -0.83  -1.18  -1.28  -0.89  -0.22   0.88   2.00   2.00 
CYS LEU
  2.00   2.00   2.00   2.00   2.00   1.58   0.74  -0.09  -0.61  -0.72  -1.10  -1.29  -1.08   0.28   2.00   2.00 
CYS LYS
  2.00   2.00   2.00   2.00   2.00   0.92   0.31   0.22  -0.82  -0.98  -1.20  -1.18  -0.76   1.32   2.00   2.00 
CYS GLU
  2.00   2.00   2.00   2.00   2.00   0.49   0.61  -0.02  -1.02  -0.97  -0.74  -1.40  -0.71   2.00   2.00   2.00 
CYS GLN
  2.00   2.00   2.00   2.00   2.00   0.72   1.41  -0.38  -0.79  -1.12  -0.73  -1.26  -0.67   0.16   2.00   2.00 
CYS ARG
  2.00   2.00   2.00   2.00   2.00   0.39   1.37  -0.48  -0.83  -0.62  -1.27  -1.00  -0.96   0.86   2.00   2.00 
CYS HIS
  2.00   2.00   2.00   2.00   2.00   2.00   0.32   1.93  -1.25  -1.12  -1.02  -0.91  -0.78  -0.15   2.00   2.00 
CYS PHE
  2.00   2.00   2.00   2.00   2.00   2.00   1.00  -0.21  -0.47  -0.90  -1.08  -1.24  -1.08   0.15   2.00   2.00 
CYS TYR
  2.00   2.00   2.00   1.91   2.00   2.00   1.22  -0.04  -0.66  -1.03  -1.18  -0.80  -1.09  -0.29   2.00   2.00 
CYS TRP
  2.00   2.00   2.00   2.00   0.75   0.06   0.06   0.06  -0.34  -0.63  -0.34  -1.44  -1.19   0.75   2.00   2.00 
VAL GLY
  2.00   2.00   2.00   2.00   1.17  -0.39  -0.45  -0.66  -0.84  -0.31  -0.55  -0.96  -0.57   0.18   2.00   2.00 
VAL ALA
  2.00   2.00   2.00   2.00   2.00   1.62   0.49   0.42  -0.32  -0.43  -0.66  -1.73  -1.17   0.21   2.00   2.00 
VAL SER
  2.00   2.00   2.00   2.00   1.91   0.68   0.45   0.09  -0.30  -0.73  -0.72  -1.39  -1.14  -0.15   2.00   2.00 
VAL CYS
  2.00   2.00   2.00   2.00   2.00   0.49   1.34   0.49  -0.40  -0.61  -0.90  -0.93  -1.48  -0.40   1.74   2.00 
VAL VAL
  2.00   2.00   2.00   2.00   2.00   1.56   0.73   0.80   0.10  -0.02  -0.48  -1.37  -1.69  -0.61   2.00   2.00 
VAL THR
  2.00   2.00   2.00   2.00   1.74   0.51   0.47   0.19  -0.23  -0.47  -0.72  -1.43  -1.17  -0.32   2.00   2.00 
VAL ILE
  2.00   2.00   2.00   2.00   2.00   2.00   1.34   0.94   0.14  -0.42  -0.16  -1.31  -1.63  -1.03   2.00   2.00 
VAL PRO
  2.00   2.00   2.00   2.00   2.00   1.90   1.43   0.30  -0.25  -0.66  -0.40  -1.55  -1.50   0.06   2.00   2.00 
VAL MET
  2.00   2.00   2.00   2.00   2.00   1.58   0.67   0.08  -0.50  -0.29  -0.12  -1.65  -1.28  -0.29   2.00   2.00 
VAL ASP
  2.00   2.00   2.00   2.00   2.00   0.69   0.35   0.16  -0.87  -0.81  -0.82  -1.29  -1.00   0.46   2.00   2.00 
VAL ASN
  2.00   2.00   2.00   2.00   1.36   0.36   0.08  -0.00  -0.82  -0.75  -0.95  -0.99  -0.92   0.02   2.00   2.00 
VAL LEU
  2.00   2.00   2.00   2.00   2.00   1.42   1.22   0.62   0.06  -0.29  -0.54  -1.40  -1.61  -0.49   2.00   2.00 
VAL LYS
  2.00   2.00   2.00   2.00   2.00   0.52  -0.05  -0.05  -0.45  -0.59  -0.78  -1.40  -1.01   0.16   2.00   2.00 
VAL GLU
  2.00   2.00   2.00   2.00   1.95   0.57   0.52   0.05  -0.70  -0.50  -0.70  -1.55  -0.95   0.31   2.00   2.00 
VAL GLN
  2.00   2.00   2.00   2.00   1.80   0.55   0.01  -0.25  -0.48  -0.48  -0.64  -1.24  -1.25   0.14   2.00   2.00 
VAL ARG
  2.00   2.00   2.00   2.00   1.82   0.49   0.66  -0.06  -0.57  -0.42  -0.68  -1.46  -1.01  -0.25   2.00   2.00 
VAL HIS
  2.00   2.00   2.00   2.00   1.43   0.42   0.33  -0.02  -0.32  -0.48  -1.01  -1.23  -0.99  -0.36   2.00   2.00 
VAL PHE
  2.00   2.00   2.00   1.85   1.34   0.65   0.65   0.65  -0.23  -0.27  -0.55  -1.18  -1.30  -1.00   2.00   2.00 
VAL TYR
  2.00   2.00   2.00   2.00   2.00   1.05   0.22   0.51  -0.14  -0.56  -0.90  -1.17  -1.31  -0.59   2.00   2.00 
VAL TRP
  2.00   2.00   2.00   2.00   0.60   1.99   1.99   1.30   0.38  -0.41  -0.84  -1.51  -1.44  -0.50   2.00   2.00 
THR GLY
  2.00   2.00   2.00   2.00   0.92  -0.53  -0.53  -0.58  -0.88  -0.62  -0.51  -0.79  -0.52   0.65   2.00   2.00 
THR ALA
  2.00   2.00   2.00   2.00   2.00   0.39   0.15  -0.20  -0.87  -0.85  -0.74  -1.07  -0.99   0.45   2.00   2.00 
THR SER
  2.00   2.00   2.00   2.00   2.00  -0.07  -0.12  -0.19  -0.77  -0.64  -0.66  -1.05  -0.92  -0.04   2.00   2.00 
THR CYS
  2.00   2.00   2.00   2.00   1.20   0.10   0.50   0.19  -0.91  -0.85  -0.82  -0.97  -0.97   0.02   2.00   2.00 
THR VAL
  2.00   2.00   2.00   2.00   2.00   0.73   0.67   0.19  -0.60  -0.59  -1.21  -1.02  -1.09  -0.27   2.00   2.00 
THR THR
  2.00   2.00   2.00   2.00   1.61  -0.04   0.09   0.42  -0.50  -0.87  -0.97  -0.94  -0.97  -0.26   2.00   2.00 
THR ILE
  2.00   2.00   2.00   2.00   2.00   1.05   0.71   0.95  -0.43  -0.71  -1.17  -1.15  -1.27  -0.18   2.00   2.00 
THR PRO
  2.00   2.00   2.00   2.00   2.00   1.54   1.19   0.14  -0.99  -1.05  -0.60  -1.01  -1.32   0.38   2.00   2.00 
THR MET
  2.00   2.00   2.00   2.00   1.84   0.45  -0.03   0.33  -0.47  -1.08  -0.97  -0.80  -1.13   0.05   2.00   2.00 
THR ASP
  2.00   2.00   2.00   2.00   2.00  -0.34  -0.58  -0.14  -0.84  -0.79  -0.78  -0.84  -0.77   0.91   2.00   2.00 
THR ASN
  2.00   2.00   2.00   2.00   1.79   0.07  -0.37  -0.31  -0.86  -1.08  -0.82  -0.72  -0.62   0.60   2.00   2.00 
THR LEU
  2.00   2.00   2.00   2.00   1.63   0.53   0.50   0.14  -0.59  -0.77  -1.12  -1.16  -0.95   0.07   2.00   2.00 
THR LYS
  2.00   2.00   2.00   2.00   1.75   0.14   0.00  -0.08  -0.44  -1.01  -1.17  -0.89  -0.70   0.14   2.00   2.00 
THR GLU
  2.00   2.00   2.00   2.00   1.90  -0.07  -0.51   0.21  -0.74  -0.86  -0.94  -1.00  -0.63   0.44   2.00   2.00 
THR GLN
  2.00   2.00   2.00   2.00   2.00  -0.03  -0.06  -0.14  -0.38  -0.99  -1.15  -0.83  -0.88   0.52   2.00   2.00 
THR ARG
  2.00   2.00   2.00   2.00   2.00   0.35  -0.08  -0.03  -0.70  -0.97  -0.98  -1.04  -0.69   0.10   2.00   2.00 
THR HIS
  2.00   2.00   2.00   2.00   0.98  -0.21  -0.44   0.15  -0.60  -0.93  -0.71  -0.88  -0.79   0.09   2.00   2.00 
THR PHE
  2.00   2.00   2.00   2.00   1.25   0.20   0.25  -0.14  -0.74  -0.81  -0.76  -1.05  -0.77  -0.30   2.00   2.00 
THR TYR
  2.00   2.00   2.00   2.00   1.20   0.43   0.01  -0.36  -0.57  -0.81  -0.67  -1.16  -0.60  -0.50   2.00   2.00 
THR TRP
  2.00   2.00   2.00   2.00   1.15  -0.15  -0.15   0.30  -0.46  -0.70  -1.01  -1.39  -0.39   0.30   2.00   2.00 
ILE GLY
  2.00   2.00   2.00   2.00   0.87  -0.57  -0.03  -0.65  -0.85  -0.36  -0.65  -0.85  -0.69   0.22   2.00   2.00 
ILE ALA
  2.00   2.00   2.00   2.00   2.00   1.08   0.43   0.24  -0.46  -0.49  -0.54  -1.58  -1.29   0.35   2.00   2.00 
ILE SER
  2.00   2.00   2.00   2.00   2.00   0.98   0.67  -0.21  -0.57  -0.44  -0.65  -1.54  -1.06  -0.05   2.00   2.00 
ILE CYS
  2.00   2.00   2.00   2.00   2.00   0.69   0.97   0.69  -0.13  -0.97  -0.64  -1.02  -1.45  -0.49   1.38   2.00 
ILE VAL
  2.00   2.00   2.00   2.00   2.00   1.62   1.44   1.03   0.10  -0.41  -0.60  -1.42  -1.59  -0.66   2.00   2.00 
ILE THR
  2.00   2.00   2.00   2.00   1.35   0.66   0.71   0.50  -0.44  -0.38  -0.64  -1.43  -1.31  -0.28   2.00   2.00 
ILE ILE
  2.00   2.00   2.00   2.00   2.00   1.48   0.79   0.92  -0.23  -0.18   0.16  -1.25  -1.81  -0.69   2.00   2.00 
ILE PRO
  2.00   2.00   2.00   2.00   2.00   2.00   1.45   0.65  -0.36  -0.68  -0.43  -1.51  -1.52  -0.03   2.00   2.00 
ILE MET
  2.00   2.00   2.00   2.00   2.00   0.50   0.72   0.03   0.16  -0.45  -0.72  -1.39  -1.50   0.16   2.00   2.00 
ILE ASP
  2.00   2.00   2.00   2.00   1.65   0.59   0.84  -0.10  -0.70  -0.66  -0.94  -1.42  -0.86   0.40   2.00   2.00 
ILE ASN
  2.00   2.00   2.00   2.00   2.00   0.43   0.02  -0.54  -0.38  -0.79  -0.90  -1.19  -0.81   0.06   2.00   2.00 
ILE LEU
  2.00   2.00   2.00   2.00   2.00   1.55   0.94   0.51   0.04  -0.16  -0.42  -1.49  -1.47  -0.84   2.00   2.00 
ILE LYS
  2.00   2.00   2.00   2.00   1.61   0.51   0.10  -0.07  -0.16  -0.36  -0.88  -1.50  -1.16   0.62   2.00   2.00 
ILE GLU
  2.00   2.00   2.00   2.00   2.00   0.47   0.62  -0.08  -0.39  -0.43  -0.74  -1.70  -1.00   1.00   2.00   2.00 
ILE GLN
  2.00   2.00   2.00   2.00   2.00   0.81   0.19  -0.10  -0.47  -0.80  -0.80  -1.33  -1.13   0.50   2.00   2.00 
ILE ARG
  2.00   2.00   2.00   2.00   2.00   0.51   0.45   0.39  -0.52  -0.49  -0.71  -1.50  -1.12  -0.07   2.00   2.00 
ILE HIS
  2.00   2.00   2.00   2.00   1.75   1.06   0.66  -0.04  -0.85  -0.60  -0.26  -1.42  -1.27   0.37   2.00   2.00 
ILE PHE
  2.00   2.00   2.00   2.00   2.00   2.00   1.03   0.42  -0.31  -0.64   0.05  -1.40  -1.32  -1.03   2.00   2.00 
ILE TYR
  2.00   2.00   2.00   2.00   1.97   1.06   0.87   0.27  -0.55  -0.38  -0.83  -1.41  -1.14  -0.33   1.57   2.00 
ILE TRP
  2.00   2.00   2.00   2.00   1.07   0.66   2.00   1.07  -0.32  -0.03  -0.72  -1.57  -1.38  -0.44   2.00   2.00 
PRO GLY
  2.00   2.00   2.00   2.00   1.23  -0.94  -1.20  -0.60  -0.57  -0.29  -0.40  -0.50  -0.21   0.68   2.00   2.00 
PRO ALA
  2.00   2.00   2.00   2.00   2.00   0.71   0.27  -0.10  -1.15  -1.05  -0.59  -1.15  -0.69   0.62   2.00   2.00 
PRO SER
  2.00   2.00   2.00   2.00   2.00   0.20  -0.26  -0.35  -1.08  -0.89  -0.57  -0.88  -0.77   0.41   2.00   2.00 
PRO CYS
  2.00   2.00   2.00   2.00  -0.33  -0.10   0.01  -0.24  -0.96  -0.65  -0.48  -0.59  -0.96   0.45   2.00   2.00 
PRO VAL
  2.00   2.00   2.00   2.00   2.00   0.58   0.64   0.14  -1.12  -0.97  -0.65  -1.02  -1.06   0.41   2.00   2.00 
PRO THR
  2.00   2.00   2.00   2.00   0.79  -0.10  -0.14   0.19  -0.83  -0.72  -0.61  -1.00  -1.03   0.29   2.00   2.00 
PRO ILE
  2.00   2.00   2.00   2.00   1.87   0.77   0.71   0.22  -1.10  -1.01  -0.33  -1.03  -1.19   0.13   2.00   2.00 
PRO PRO
  2.00   2.00   2.00   2.00   2.00   2.00   0.93   0.07  -0.39  -0.63  -0.59  -1.69  -1.30   1.22   2.00   2.00 
PRO MET
  2.00   2.00   2.00   2.00   0.93   0.04  -0.30   0.04  -1.04  -1.04  -0.49  -0.73  -0.84   0.48   2.00   2.00 
PRO ASP
  2.00   2.00   2.00   2.00   2.00   0.23  -0.63  -0.58  -1.01  -0.92  -0.45  -0.92  -0.59   1.14   2.00   2.00 
PRO ASN
  2.00   2.00   2.00   2.00   1.62  -0.17  -0.96  -0.40  -0.83  -0.82  -0.45  -0.86  -0.52   1.18   2.00   2.00 
PRO LEU
  2.00   2.00   2.00   2.00   2.00   0.36   0.14  -0.21  -0.94  -1.02  -0.52  -1.09  -0.96   0.64   2.00   2.00 
PRO LYS
  2.00   2.00   2.00   2.00   1.93   0.30  -0.32  -0.40  -0.86  -0.83  -0.57  -1.03  -0.92   0.70   2.00   2.00 
PRO GLU
  2.00   2.00   2.00   2.00   1.85   0.46  -0.58  -0.55  -1.08  -0.57  -0.32  -1.11  -0.74   0.79   2.00   2.00 
PRO GLN
  2.00   2.00   2.00   2.00   2.00   0.31  -0.19  -0.34  -1.03  -0.70  -0.60  -1.09  -0.95   1.25   2.00   2.00 
PRO ARG
  2.00   2.00   2.00   2.00   2.00   0.33   0.00  -0.18  -0.90  -0.74  -0.55  -1.24  -1.02   0.83   2.00   2.00 
PRO HIS
  2.00   2.00   2.00   2.00   1.19   0.05  -0.33  -0.67  -0.99  -0.75  -0.67  -0.69  -0.71   0.50   2.00   2.00 
PRO PHE
  2.00   2.00   2.00   2.00   1.41   0.27   0.09   0.09  -1.14  -1.01  -0.43  -0.82  -0.83  -0.18   2.00   2.00 
PRO TYR
  2.00   2.00   2.00   2.00   1.84   0.23   0.05  -0.29  -1.03  -0.96  -0.78  -0.93  -0.68   0.45   2.00   2.00 
PRO TRP
  2.00   2.00   2.00   2.00   1.37   0.67  -0.58  -0.48  -0.94  -1.03  -0.31  -1.03  -0.37   0.16   2.00   2.00 
MET GLY
  2.00   2.00   2.00   2.00   0.42  -0.70  -0.41  -0.49  -0.88  -0.76  -0.49  -0.61  -0.36   0.49   2.00   2.00 
MET ALA
  2.00   2.00   2.00   2.00   1.54   0.56  -0.00  -0.25  -0.86  -0.62  -0.50  -1.57  -0.50   0.56   2.00   2.00 
MET SER
  2.00   2.00   2.00   2.00   1.49   0.79   0.39  -0.55  -0.75  -0.63  -0.75  -1.13  -0.82  -0.31   2.00   2.00 
MET CYS
  2.00   2.00   2.00   2.00  -0.16   0.54   0.54   0.94   0.25  -0.31  -1.26  -1.20  -0.93  -0.56   2.00   2.00 
MET VAL
  2.00   2.00   2.00   2.00   2.00   0.86   0.68   0.68  -0.01  -0.82  -0.74  -1.40  -1.21  -0.52   2.00   2.00 
MET THR
  2.00   2.00   2.00   2.00   1.11   0.55   0.10   0.30  -0.14  -0.68  -0.64  -1.37  -1.16  -0.27   2.00   2.00 
MET ILE
  2.00   2.00   2.00   2.00   2.00   0.98   0.69   0.29  -0.75  -0.49  -0.86  -1.18  -1.42   0.47   2.00   2.00 
MET PRO
  2.00   2.00   2.00   2.00   2.00   1.46   1.46   0.07  -0.37  -1.24  -0.26  -1.45  -1.19   0.30   2.00   2.00 
MET MET
  2.00   2.00   2.00   2.00   2.00   1.30  -0.08  -0.64  -0.89  -0.64  -0.49  -1.09  -1.00  -0.08   2.00   2.00 
MET ASP
  2.00   2.00   2.00   2.00   1.62   0.16  -0.32  -0.50  -0.99  -0.86  -0.65  -1.09  -0.42   0.77   2.00   2.00 
MET ASN
  2.00   2.00   2.00   2.00   1.14  -0.18  -0.61  -0.42  -0.65  -0.77  -0.31  -1.09  -0.77   0.58   2.00   2.00 
MET LEU
  2.00   2.00   2.00   2.00   1.94   1.02   1.53  -0.26  -0.26  -0.70  -0.87  -1.56  -0.90  -0.08   2.00   2.00 
MET LYS
  2.00   2.00   2.00   2.00   2.00   0.35   0.01  -0.35  -0.72  -0.72  -0.75  -1.28  -0.75   0.25   2.00   2.00 
MET GLU
  2.00   2.00   2.00   2.00   2.00   0.53   0.82   0.67  -0.91  -0.85  -0.79  -1.38  -1.03   0.67   2.00   2.00 
MET GLN
  2.00   2.00   2.00   2.00   2.00  -0.15  -0.15   0.44  -1.04  -0.03  -0.72  -1.48  -0.44   0.10   2.00   2.00 
MET ARG
  2.00   2.00   2.00   2.00   2.00   0.19   0.07  -0.21  -0.50  -0.72  -0.29  -1.26  -1.13  -0.13   2.00   2.00 
MET HIS
  2.00   2.00   2.00   2.00   1.05   0.64  -0.34  -0.34  -0.66  -0.66  -0.66  -0.90  -1.35   1.74   2.00   2.00 
MET PHE
  2.00   2.00   2.00   2.00   1.95   0.85   0.56   0.56  -0.89  -0.69  -0.13  -1.39  -1.19  -0.25   1.95   2.00 
MET TYR
  2.00   2.00   2.00   2.00   1.87   0.77   0.49   0.26  -0.69  -0.61  -0.90  -1.35  -0.96  -0.21   2.00   2.00 
MET TRP
  2.00   2.00   2.00   2.00   2.00   0.45   2.00  -0.25  -0.65  -0.65  -0.47  -1.16  -1.06  -0.81   1.14   2.00 
ASP GLY
  2.00   2.00   2.00   2.00   0.36  -1.04  -0.44  -0.31  -0.84  -0.61  -0.59  -0.64  -0.29   1.25   2.00   2.00 
ASP ALA
  2.00   2.00   2.00   2.00   1.90   0.30  -0.09  -0.55  -1.43  -1.05  -0.69  -0.59  -0.09   1.15   2.00   2.00 
ASP SER
  2.00   2.00   2.00   2.00   1.69   0.47   0.07  -0.24  -1.23  -1.12  -1.00  -0.71  -0.39   1.37   2.00   2.00 
ASP CYS
  2.00   2.00   2.00   2.00   0.66   0.04  -0.17  -0.48  -1.13  -1.24  -0.61  -0.39  -0.17   0.41   2.00   2.00 
ASP VAL
  2.00   2.00   2.00   2.00   2.00   0.48   0.19  -0.06  -0.99  -1.06  -0.91  -0.85  -0.78   0.28   2.00   2.00 
ASP THR
  2.00   2.00   2.00   2.00   1.60   0.23   0.12  -0.19  -1.04  -1.12  -0.91  -0.79  -0.58   0.77   2.00   2.00 
ASP ILE
  2.00   2.00   2.00   2.00   1.51   0.88   0.19  -0.10  -0.95  -1.12  -0.97  -0.91  -0.72   0.54   2.00   2.00 
ASP PRO
  2.00   2.00   2.00   2.00   2.00   2.00   0.85   0.01  -1.06  -1.36  -0.89  -1.00  -0.83   1.33   2.00   2.00 
ASP MET
  2.00   2.00   2.00   2.00   1.79  -0.15  -0.29  -0.46  -1.01  -0.88  -0.69  -0.81  -0.65   0.88   2.00   2.00 
ASP ASP
  2.00   2.00   2.00   2.00   1.48  -0.23   0.08  -0.40  -1.25  -1.14  -0.91  -0.48  -0.21   2.00   2.00   2.00 
ASP ASN
  2.00   2.00   2.00   2.00   0.78  -0.68  -0.26  -0.66  -1.15  -1.02  -0.45  -0.68   0.45   1.80   2.00   2.00 
ASP LEU
  2.00   2.00   2.00   2.00   1.11   0.14  -0.20  -0.51  -1.12  -1.12  -0.86  -0.61  -0.15   0.90   2.00   2.00 
ASP LYS
  2.00   2.00   2.00   2.00   1.68  -0.02  -0.29  -0.56  -1.10  -1.18  -0.69  -0.70  -0.08   0.98   2.00   2.00 
ASP GLU
  2.00   2.00   2.00   2.00   1.46  -0.15   0.23  -0.29  -1.33  -1.14  -0.66  -0.69  -0.23   1.11   2.00   2.00 
ASP GLN
  2.00   2.00   2.00   2.00   2.00  -0.06  -0.40  -0.54  -1.21  -0.96  -0.54  -0.77  -0.38   1.33   2.00   2.00 
ASP ARG
  2.00   2.00   2.00   2.00   2.00   0.07   0.12  -0.48  -1.10  -1.13  -0.86  -0.72  -0.51   1.30   2.00   2.00 
ASP HIS
  2.00   2.00   2.00   2.00   1.87  -0.17  -0.12  -0.50  -0.77  -1.05  -0.92  -0.86  -0.53   1.18   2.00   2.00 
ASP PHE
  2.00   2.00   2.00   2.00   1.47  -0.08   0.28  -0.43  -1.10  -1.13  -0.74  -0.80  -0.35   0.64   2.00   2.00 
ASP TYR
  2.00   2.00   2.00   2.00   1.04  -0.21  -0.21  -0.29  -1.04  -0.97  -0.68  -0.75  -0.50   0.51   2.00   2.00 
ASP TRP
  2.00   2.00   2.00   2.00   1.77   0.38  -0.11  -0.25  -1.07  -1.21  -0.76  -0.98  -0.31   1.07   2.00   2.00 
ASN GLY
  2.00   2.00   2.00   2.00   0.57  -0.85  -0.36  -0.34  -0.86  -0.86  -0.66  -0.60  -0.34   1.18   2.00   2.00 
ASN ALA
  2.00   2.00   2.00   2.00   1.89   0.12   0.04  -0.27  -1.12  -1.00  -0.84  -0.92  -0.40   0.54   2.00   2.00 
ASN SER
  2.00   2.00   2.00   2.00   2.00   0.40   0.29  -0.02  -1.02  -0.95  -0.91  -1.13  -0.67   0.68   2.00   2.00 
ASN CYS
  2.00   2.00   2.00   2.00   1.01   0.31   0.09  -0.65  -0.83  -0.70  -1.16  -0.83  -0.38   0.45   2.00   2.00 
ASN VAL
  2.00   2.00   2.00   2.00   2.00   0.75  -0.07   0.12  -0.82  -1.18  -1.04  -0.91  -0.67   0.51   2.00   2.00 
ASN THR
  2.00   2.00   2.00   2.00   1.90   0.67   0.48  -0.14  -0.63  -1.12  -1.07  -1.02  -0.80   0.38   2.00   2.00 
ASN ILE
  2.00   2.00   2.00   2.00   2.00   0.51   0.78  -0.08  -0.84  -1.18  -1.16  -1.02  -0.54   0.72   2.00   2.00 
ASN PRO
  2.00   2.00   2.00   2.00   2.00   2.00   1.27   0.37  -0.86  -1.37  -1.17  -1.01  -0.83   1.33   2.00   2.00 
ASN MET
  2.00   2.00   2.00   2.00   1.76   0.06   0.51  -0.44  -1.04  -1.10  -0.88  -0.72  -0.59   0.51   2.00   2.00 
ASN ASP
  2.00   2.00   2.00   2.00   1.72  -0.16  -0.04  -0.24  -1.07  -1.22  -0.89  -0.73  -0.25   1.46   2.00   2.00 
ASN ASN
  2.00   2.00   2.00   2.00   1.54  -0.15  -0.15  -0.45  -1.01  -1.17  -0.80  -0.84  -0.09   1.34   2.00   2.00 
ASN LEU
  2.00   2.00   2.00   2.00   1.21   0.83   0.22  -0.32  -0.97  -1.01  -1.05  -0.96  -0.53   0.78   2.00   2.00 
ASN LYS
  2.00   2.00   2.00   2.00   2.00  -0.11  -0.26  -0.20  -0.90  -1.08  -1.03  -0.88  -0.30   1.29   2.00   2.00 
ASN GLU
  2.00   2.00   2.00   2.00   1.90   0.13   0.08  -0.30  -1.20  -1.09  -1.03  -0.60  -0.34   0.98   2.00   2.00 
ASN GLN
  2.00   2.00   2.00   2.00   1.96   0.25   0.17  -0.02  -1.07  -1.09  -0.86  -0.84  -0.80   0.95   2.00   2.00 
ASN ARG
  2.00   2.00   2.00   2.00   2.00   0.01   0.23  -0.08  -0.95  -1.03  -0.95  -1.05  -0.60   0.81   2.00   2.00 
ASN HIS
  2.00   2.00   2.00   2.00   1.33   0.00  -0.58   0.15  -0.69  -1.16  -0.62  -1.03  -0.55   0.77   2.00   2.00 
ASN PHE
  2.00   2.00   2.00   2.00   1.10   0.18   0.23  -0.35  -1.17  -0.95  -0.79  -0.86  -0.35   0.23   2.00   2.00 
ASN TYR
  2.00   2.00   2.00   2.00   1.75   0.25  -0.04   0.19  -1.02  -1.22  -1.02  -0.69  -0.27   0.14   2.00   2.00 
ASN TRP
  2.00   2.00   2.00   2.00   1.66   0.74   0.56  -0.21  -1.11  -1.15  -1.02  -0.94  -0.48   0.97   2.00   2.00 
LEU GLY
  2.00   2.00   2.00   2.00   0.52  -0.48  -0.39  -0.51  -0.98  -0.90  -0.44  -0.71  -0.29   0.57   2.00   2.00 
LEU ALA
  2.00   2.00   2.00   2.00   2.00   0.95   0.28   0.03  -0.67  -0.82  -0.87  -1.47  -0.84   0.61   2.00   2.00 
LEU SER
  2.00   2.00   2.00   2.00   2.00   0.41   0.01  -0.06  -0.71  -0.92  -0.75  -1.35  -0.73   0.52   2.00   2.00 
LEU CYS
  2.00   2.00   2.00   2.00   1.91   0.41   0.66   0.66  -0.95  -0.95  -0.86  -1.03  -1.03   0.04   2.00   2.00 
LEU VAL
  2.00   2.00   2.00   2.00   2.00   1.70   0.56   0.69  -0.24  -0.48  -1.04  -1.28  -1.27  -0.59   2.00   2.00 
LEU THR
  2.00   2.00   2.00   2.00   1.51   0.17   0.38  -0.07  -0.62  -0.69  -0.72  -1.22  -1.11   0.24   2.00   2.00 
LEU ILE
  2.00   2.00   2.00   2.00   2.00   1.41   0.60   0.85  -0.22  -0.79  -1.13  -1.26  -1.24  -0.09   2.00   2.00 
LEU PRO
  2.00   2.00   2.00   2.00   2.00   2.00   1.28   0.32  -0.61  -1.11  -0.26  -1.60  -1.21   0.77   2.00   2.00 
LEU MET
  2.00   2.00   2.00   2.00   1.85   0.93  -0.10   0.46  -0.64  -0.76  -0.76  -1.31  -1.04  -0.02   2.00   2.00 
LEU ASP
  2.00   2.00   2.00   2.00   1.89   0.17  -0.30  -0.10  -0.86  -0.93  -0.67  -1.28  -0.58   1.15   2.00   2.00 
LEU ASN
  2.00   2.00   2.00   2.00   1.21  -0.04  -0.49  -0.40  -0.85  -1.14  -0.69  -0.86  -0.39   1.61   2.00   2.00 
LEU LEU
  2.00   2.00   2.00   2.00   2.00   1.21   0.69   0.35  -0.54  -0.84  -0.89  -1.48  -0.96   0.05   2.00   2.00 
LEU LYS
  2.00   2.00   2.00   2.00   2.00   0.42  -0.07  -0.58  -0.66  -0.75  -0.67  -1.33  -0.77   0.96   2.00   2.00 
LEU GLU
  2.00   2.00   2.00   2.00   1.52   0.69   0.03  -0.30  -0.56  -0.65  -0.77  -1.58  -0.64   0.95   2.00   2.00 
LEU GLN
  2.00   2.00   2.00   2.00   2.00   0.48   0.14  -0.33  -0.73  -0.93  -0.76  -1.30  -0.73   0.84   2.00   2.00 
LEU ARG
  2.00   2.00   2.00   2.00   2.00   0.72   0.00  -0.23  -0.54  -0.87  -0.99  -1.27  -0.88   0.83   2.00   2.00 
LEU HIS
  2.00   2.00   2.00   2.00   1.10   0.57  -0.45  -0.28  -0.80  -1.01  -0.71  -0.90  -0.80   0.65   2.00   2.00 
LEU PHE
  2.00   2.00   2.00   2.00   1.64   1.05   0.41   0.47  -0.54  -0.81  -0.67  -1.24  -1.03  -0.60   2.00   2.00 
LEU TYR
  2.00   2.00   2.00   2.00   2.00   1.19   0.56   0.09  -0.81  -0.92  -0.70  -1.11  -1.11  -0.22   2.00   2.00 
LEU TRP
  2.00   2.00   2.00   2.00   2.00   1.64   0.25  -0.06   0.14  -0.96  -0.92  -1.40  -1.00  -0.15   2.00   2.00 
LYS GLY
  2.00   2.00   2.00   2.00   0.08  -1.28  -1.01  -0.71  -0.47  -0.12  -0.11  -0.05  -0.30   0.90   2.00   2.00 
LYS ALA
  2.00   2.00   2.00   2.00   2.00   0.76   0.06  -0.27  -1.13  -0.91  -0.64  -0.94  -0.91   0.61   2.00   2.00 
LYS SER
  2.00   2.00   2.00   2.00   1.48   0.53   0.16  -0.13  -0.78  -1.05  -0.80  -0.91  -0.87   0.03   2.00   2.00 
LYS CYS
  2.00   2.00   2.00   2.00   0.81   0.20  -0.04   0.20  -0.93  -0.73  -0.96  -0.70  -0.99   0.03   2.00   2.00 
LYS VAL
  2.00   2.00   2.00   2.00   1.85   0.80   0.33  -0.01  -0.59  -0.60  -0.77  -1.07  -1.35  -0.10   2.00   2.00 
LYS THR
  2.00   2.00   2.00   2.00   1.18   0.19  -0.07   0.09  -0.49  -0.67  -0.97  -1.04  -1.06   0.11   2.00   2.00 
LYS ILE
  2.00   2.00   2.00   2.00   1.82   1.05   0.67   0.72  -0.67  -0.77  -1.06  -1.01  -1.21  -0.28   2.00   2.00 
LYS PRO
  2.00   2.00   2.00   2.00   2.00   1.56   1.49   0.31  -0.96  -1.22  -0.67  -1.18  -1.10   0.51   2.00   2.00 
LYS MET
  2.00   2.00   2.00   2.00   1.85   0.06   0.06  -0.29  -0.99  -0.86  -0.50  -1.10  -0.83   0.59   2.00   2.00 
LYS ASP
  2.00   2.00   2.00   2.00   1.65  -0.08  -0.14  -0.17  -0.96  -0.92  -0.67  -0.87  -0.78   0.33   2.00   2.00 
LYS ASN
  2.00   2.00   2.00   2.00   1.03  -0.44  -0.71  -0.35  -0.66  -0.82  -0.59  -0.78  -0.66   0.63   2.00   2.00 
LYS LEU
  2.00   2.00   2.00   2.00   1.58   0.29   0.05   0.01  -0.85  -0.92  -0.73  -1.03  -0.96   0.40   2.00   2.00 
LYS LYS
  2.00   2.00   2.00   2.00   1.62  -0.04  -0.34  -0.41  -0.70  -0.81  -0.88  -0.94  -0.70   0.52   2.00   2.00 
LYS GLU
  2.00   2.00   2.00   2.00   2.00   0.16  -0.16  -0.14  -0.69  -1.02  -0.66  -1.07  -0.88   0.46   2.00   2.00 
LYS GLN
  2.00   2.00   2.00   2.00   2.00   0.39  -0.34  -0.39  -0.44  -1.09  -0.86  -0.96  -0.92   1.02   2.00   2.00 
LYS ARG
  2.00   2.00   2.00   2.00   2.00  -0.20  -0.32  -0.20  -0.60  -0.88  -0.71  -0.91  -0.92   0.33   2.00   2.00 
LYS HIS
  2.00   2.00   2.00   2.00   1.64   0.26  -0.35  -0.44  -0.79  -0.92  -0.76  -0.79  -0.69   0.03   2.00   2.00 
LYS PHE
  2.00   2.00   2.00   2.00   1.12   0.43  -0.08  -0.12  -0.86  -0.79  -0.58  -1.01  -0.90  -0.15   2.00   2.00 
LYS TYR
  2.00   2.00   2.00   2.00   0.93   0.24  -0.14  -0.06  -0.55  -0.94  -0.72  -1.00  -0.88  -0.06   2.00   2.00 
LYS TRP
  2.00   2.00   2.00   2.00   1.35  -0.03   0.66   0.15  -0.59  -0.59  -1.07  -1.10  -1.01  -0.03   2.00   2.00 
GLU GLY
  2.00   2.00   2.00   2.00   0.20  -1.34  -0.84  -0.84  -0.40  -0.28  -0.19  -0.26  -0.06   1.41   2.00   2.00 
GLU ALA
  2.00   2.00   2.00   2.00   2.00   0.53  -0.28  -0.24  -1.21  -0.80  -0.75  -0.64  -0.79   0.13   2.00   2.00 
GLU SER
  2.00   2.00   2.00   2.00   2.00   0.40   0.04  -0.37  -0.74  -1.03  -0.67  -0.95  -0.92   0.19   2.00   2.00 
GLU CYS
  2.00   2.00   2.00   2.00   0.11  -0.18  -0.05  -0.40  -0.99  -0.81  -0.05  -0.81  -0.84   0.29   2.00   2.00 
GLU VAL
  2.00   2.00   2.00   2.00   1.20   0.72   0.54   0.05  -0.85  -0.91  -0.71  -0.80  -1.23  -0.11   2.00   2.00 
GLU THR
  2.00   2.00   2.00   2.00   1.76   0.07   0.18   0.04  -0.61  -0.77  -0.80  -0.94  -1.15  -0.03   2.00   2.00 
GLU ILE
  2.00   2.00   2.00   2.00   1.47   0.71   0.55  -0.19  -0.76  -0.61  -0.93  -0.80  -1.31  -0.06   2.00   2.00 
GLU PRO
  2.00   2.00   2.00   2.00   2.00   2.00   1.39   0.10  -0.74  -1.21  -0.72  -1.11  -1.29   0.60   2.00   2.00 
GLU MET
  2.00   2.00   2.00   2.00   2.00   0.41  -0.28  -0.64  -1.01  -1.01  -0.59  -0.59  -0.78   0.41   2.00   2.00 
GLU ASP
  2.00   2.00   2.00   2.00   1.39   0.21  -0.24  -0.33  -0.96  -0.88  -0.74  -0.95  -0.74   0.77   2.00   2.00 
GLU ASN
  2.00   2.00   2.00   2.00   1.11  -0.41  -0.86  -0.22  -0.72  -0.96  -0.50  -0.61  -0.61   0.67   2.00   2.00 
GLU LEU
  2.00   2.00   2.00   2.00   1.06   0.25  -0.08  -0.27  -0.97  -0.80  -0.73  -0.86  -0.75  -0.02   2.00   2.00 
GLU LYS
  2.00   2.00   2.00   2.00   2.00   0.47  -0.02  -0.10  -0.65  -1.10  -0.99  -0.85  -0.88   0.24   2.00   2.00 
GLU GLU
  2.00   2.00   2.00   2.00   1.88  -0.06  -0.14  -0.22  -1.01  -0.91  -0.67  -0.94  -0.72   0.57   2.00   2.00 
GLU GLN
  2.00   2.00   2.00   2.00   1.87   0.69  -0.41  -0.33  -0.72  -0.89  -0.89  -0.87  -0.84   0.31   2.00   2.00 
GLU ARG
  2.00   2.00   2.00   2.00   2.00   0.35  -0.32  -0.37  -0.93  -0.95  -0.63  -0.65  -1.01   0.48   2.00   2.00 
GLU HIS
  2.00   2.00   2.00   2.00   1.57  -0.22  -0.30  -0.38  -0.78  -0.73  -0.81  -0.85  -0.63   0.06   2.00   2.00 
GLU PHE
  2.00   2.00   2.00   2.00   0.68   0.14  -0.15  -0.12  -1.03  -0.76  -0.60  -0.71  -0.87  -0.12   2.00   2.00 
GLU TYR
  2.00   2.00   2.00   2.00   0.64  -0.05  -0.13  -0.13  -1.02  -0.83  -0.68  -0.73  -0.66  -0.05   2.00   2.00 
GLU TRP
  2.00   2.00   2.00   2.00   1.28   0.77  -0.33  -0.02  -0.72  -1.12  -0.80  -1.06  -0.40  -0.11   2.00   2.00 
GLN GLY
  2.00   2.00   2.00   2.00   0.32  -1.17  -0.76  -0.71  -0.78  -0.40  -0.29  -0.28   0.09   0.46   2.00   2.00 
GLN ALA
  2.00   2.00   2.00   2.00   1.42   0.47  -0.04  -0.30  -0.93  -1.02  -0.57  -1.02  -0.75   0.32   2.00   2.00 
GLN SER
  2.00   2.00   2.00   2.00   2.00   0.08   0.02   0.02  -0.67  -0.87  -1.08  -0.90  -0.76  -0.01   2.00   2.00 
GLN CYS
  2.00   2.00   2.00   2.00   0.34   0.34   0.56  -0.00  -1.19  -0.54  -0.76  -0.83  -0.76  -0.36   2.00   2.00 
GLN VAL
  2.00   2.00   2.00   2.00   1.63   1.45   0.53   0.41  -0.50  -0.84  -0.89  -1.04  -1.23  -0.50   2.00   2.00 
GLN THR
  2.00   2.00   2.00   2.00   1.68   0.40   0.35   0.07  -0.52  -0.60  -0.97  -0.80  -1.27  -0.42   2.00   2.00 
GLN ILE
  2.00   2.00   2.00   2.00   1.64   1.42   0.20   0.20  -0.68  -0.94  -0.88  -0.96  -1.25   0.20   2.00   2.00 
GLN PRO
  2.00   2.00   2.00   2.00   2.00   1.57   1.06   0.24  -0.80  -1.26  -0.60  -1.26  -1.09   0.59   2.00   2.00 
GLN MET
  2.00   2.00   2.00   2.00   1.30   0.21   0.61  -0.40  -0.89  -0.84  -0.40  -1.09  -1.18   0.90   2.00   2.00 
GLN ASP
  2.00   2.00   2.00   2.00   2.00   0.51  -0.43  -0.26  -0.75  -0.76  -0.90  -1.15  -0.82   1.06   2.00   2.00 
GLN ASN
  2.00   2.00   2.00   2.00   1.39  -0.25  -0.35  -0.40  -0.48  -1.10  -0.79  -0.63  -0.67   0.24   2.00   2.00 
GLN LEU
  2.00   2.00   2.00   2.00   1.17   0.66   0.23   0.11  -0.91  -0.84  -0.85  -0.95  -0.99   0.04   2.00   2.00 
GLN LYS
  2.00   2.00   2.00   2.00   2.00   0.42  -0.21  -0.30  -0.93  -0.86  -0.85  -0.95  -0.79   0.49   2.00   2.00 
GLN GLU
  2.00   2.00   2.00   2.00   1.28   0.18  -0.11  -0.30  -0.94  -1.04  -0.63  -1.04  -0.63   0.74   2.00   2.00 
GLN GLN
  2.00   2.00   2.00   2.00   2.00   0.38  -0.18  -0.08  -0.85  -1.09  -0.54  -1.01  -0.60  -0.23   2.00   2.00 
GLN ARG
  2.00   2.00   2.00   2.00   2.00   0.29  -0.09  -0.31  -0.59  -0.98  -0.70  -0.92  -1.06   0.35   2.00   2.00 
GLN HIS
  2.00   2.00   2.00   2.00   0.83  -0.18  -0.35  -0.08  -1.04  -0.49  -0.73  -0.78  -0.87   0.43   2.00   2.00 
GLN PHE
  2.00   2.00   2.00   2.00   2.00   0.41   0.41   0.10  -0.89  -0.78  -0.91  -0.91  -0.93  -0.33   2.00   2.00 
GLN TYR
  2.00   2.00   2.00   2.00   2.00   0.41   0.29  -0.15  -0.46  -0.69  -0.85  -1.10  -0.95  -0.51   2.00   2.00 
GLN TRP
  2.00   2.00   2.00   2.00   2.00   0.91  -0.30   0.91  -0.63  -0.70  -0.88  -1.43  -0.88   0.21   2.00   2.00 
ARG GLY
  2.00   2.00   2.00   2.00   0.27  -1.08  -0.91  -0.55  -0.52  -0.39  -0.09  -0.52  -0.40   0.49   2.00   2.00 
ARG ALA
  2.00   2.00   2.00   2.00   1.54   0.40   0.44  -0.15  -0.79  -0.70  -0.62  -1.17  -1.16   0.40   2.00   2.00 
ARG SER
  2.00   2.00   2.00   2.00   1.60   0.35   0.13  -0.03  -0.89  -0.77  -0.74  -1.15  -0.70  -0.25   2.00   2.00 
ARG CYS
  2.00   2.00   2.00   2.00   0.55  -0.04  -0.15   0.21  -0.48  -0.94  -0.84  -0.74  -1.14   0.36   2.00   2.00 
ARG VAL
  2.00   2.00   2.00   2.00   2.00   1.29   0.85   0.44  -0.50  -0.94  -0.94  -0.97  -1.27  -0.43   2.00   2.00 
ARG THR
  2.00   2.00   2.00   2.00   1.48   0.07   1.17   0.04  -0.50  -0.77  -0.96  -1.14  -1.05  -0.17   2.00   2.00 
ARG ILE
  2.00   2.00   2.00   2.00   2.00   0.85   0.60   0.30  -0.56  -0.76  -1.00  -1.07  -1.20  -0.28   2.00   2.00 
ARG PRO
  2.00   2.00   2.00   2.00   2.00   1.57   1.40   0.14  -0.82  -1.12  -0.59  -1.25  -1.26   0.75   2.00   2.00 
ARG MET
  2.00   2.00   2.00   2.00   2.00   0.85  -0.06  -0.06  -1.06  -0.71  -0.85  -0.53  -1.20   0.16   2.00   2.00 
ARG ASP
  2.00   2.00   2.00   2.00   1.30   0.23  -0.33  -0.30  -0.91  -0.91  -0.84  -0.97  -0.54   0.65   2.00   2.00 
ARG ASN
  2.00   2.00   2.00   2.00   1.27  -0.53  -0.48  -0.53  -0.68  -0.68  -0.70  -0.81  -0.66   0.64   2.00   2.00 
ARG LEU
  2.00   2.00   2.00   2.00   1.48   1.28   0.07   0.07  -0.81  -0.83  -0.83  -1.00  -1.13   0.12   2.00   2.00 
ARG LYS
  2.00   2.00   2.00   2.00   1.88   0.19  -0.17  -0.15  -0.77  -0.98  -0.76  -0.89  -0.94   0.40   2.00   2.00 
ARG GLU
  2.00   2.00   2.00   2.00   2.00   0.17  -0.45  -0.35  -0.82  -0.45  -0.69  -1.10  -0.94   0.32   2.00   2.00 
ARG GLN
  2.00   2.00   2.00   2.00   2.00   0.36  -0.48  -0.07  -0.54  -1.01  -0.37  -1.19  -0.90   0.22   2.00   2.00 
ARG ARG
  2.00   2.00   2.00   2.00   1.68   0.30  -0.14  -0.08  -0.75  -0.79  -0.68  -1.08  -0.94  -0.00   2.00   2.00 
ARG HIS
  2.00   2.00   2.00   2.00   1.22  -0.29  -0.53   0.12  -0.29  -0.98  -0.95  -0.76  -0.73   0.04   2.00   2.00 
ARG PHE
  2.00   2.00   2.00   2.00   1.90   0.29   0.23  -0.22  -0.78  -0.64  -0.89  -0.87  -0.74  -0.69   2.00   2.00 
ARG TYR
  2.00   2.00   2.00   2.00   1.02   0.03  -0.33  -0.07  -0.56  -1.02  -0.56  -0.79  -0.90  -0.25   2.00   2.00 
ARG TRP
  2.00   2.00   2.00   2.00   1.13   0.44   0.29   0.03  -0.48  -1.14  -0.66  -1.14  -0.95   0.15   2.00   2.00 
HIS GLY
  2.00   2.00   2.00   2.00   1.72  -0.51  -0.42  -0.42  -0.78  -0.76  -0.82  -0.66  -0.69   0.52   2.00   2.00 
HIS ALA
  2.00   2.00   2.00   2.00   2.00   0.85  -0.29  -0.47  -0.88  -0.81  -0.76  -0.96  -0.71  -0.07   2.00   2.00 
HIS SER
  2.00   2.00   2.00   2.00   2.00   0.40  -0.03  -0.03  -0.43  -0.72  -1.00  -1.16  -0.94  -0.12   2.00   2.00 
HIS CYS
  2.00   2.00   2.00   2.00   1.65   0.26   0.55   0.55  -0.15  -1.06  -1.30  -0.66  -1.19   0.04   2.00   2.00 
HIS VAL
  2.00   2.00   2.00   2.00   2.00   1.20   0.61   0.04  -0.32  -0.72  -1.14  -1.02  -1.18  -0.41   2.00   2.00 
HIS THR
  2.00   2.00   2.00   2.00   2.00   0.31  -0.13   0.06  -0.24  -1.08  -0.88  -1.01  -0.88  -0.29   2.00   2.00 
HIS ILE
  2.00   2.00   2.00   2.00   2.00   1.17   0.95   0.07  -0.78  -0.88  -1.13  -1.03  -1.03  -0.08   2.00   2.00 
HIS PRO
  2.00   2.00   2.00   2.00   2.00   1.91   1.00   1.00  -0.74  -1.29  -0.91  -1.26  -0.99   0.35   2.00   2.00 
HIS MET
  2.00   2.00   2.00   2.00   1.75   0.14  -0.04   0.65  -0.65  -1.08  -0.82  -1.39  -0.55   0.65   2.00   2.00 
HIS ASP
  2.00   2.00   2.00   2.00   1.54   0.59  -0.43  -0.14  -0.84  -1.18  -0.78  -0.89  -0.65   0.95   2.00   2.00 
HIS ASN
  2.00   2.00   2.00   2.00   2.00   0.47  -0.56  -0.49  -0.52  -1.12  -0.72  -1.06  -0.56   0.58   2.00   2.00 
HIS LEU
  2.00   2.00   2.00   2.00   2.00   0.74   0.30  -0.15  -0.67  -0.80  -1.09  -0.97  -0.93  -0.15   2.00   2.00 
HIS LYS
  2.00   2.00   2.00   2.00   1.73   0.63   0.63  -0.39  -0.64  -1.20  -0.98  -0.96  -0.81   0.63   2.00   2.00 
HIS GLU
  2.00   2.00   2.00   2.00   2.00   0.62  -0.26  -0.48  -0.66  -1.05  -0.89  -1.01  -0.66   0.44   2.00   2.00 
HIS GLN
  2.00   2.00   2.00   2.00   2.00   1.20  -0.74  -0.47  -0.64  -1.03  -0.96  -0.88  -0.53   0.92   1.61   2.00 
HIS ARG
  2.00   2.00   2.00   2.00   1.48   0.63  -0.52  -0.47  -0.60  -0.95  -0.83  -0.72  -0.79   0.01   2.00   2.00 
HIS HIS
  2.00   2.00   2.00   2.00   2.00   0.36   0.04  -0.45  -0.65  -0.82  -0.92  -1.08  -0.65  -0.04   1.75   2.00 
HIS PHE
  2.00   2.00   2.00   2.00   1.75   0.65   0.65  -0.27  -0.69  -0.74  -0.55  -1.05  -1.11  -0.39   1.34   2.00 
HIS TYR
  2.00   2.00   2.00   2.00   0.60   0.42   0.60   0.01  -0.50  -1.05  -0.83  -1.01  -0.83  -0.35   2.00   2.00 
HIS TRP
  2.00   2.00   2.00   2.00   2.00   0.41   0.41  -0.58  -0.69  -0.98  -0.89  -1.33  -0.29   0.41   2.00   2.00 
PHE GLY
  2.00   2.00   2.00   2.00   1.41  -0.45  -0.22  -0.28  -0.86  -0.90  -0.51  -0.84  -0.67   0.28   2.00   2.00 
PHE ALA
  2.00   2.00   2.00   2.00   2.00   1.10   0.53   0.16  -0.51  -0.53  -0.89  -1.44  -1.07  -0.13   2.00   2.00 
PHE SER
  2.00   2.00   2.00   2.00   2.00   0.83   0.28   0.07  -0.61  -0.87  -1.03  -1.27  -0.87   0.21   2.00   2.00 
PHE CYS
  2.00   2.00   2.00   2.00   1.05  -0.05   0.36   0.36  -0.25  -0.49  -0.94  -1.25  -1.25   0.54   2.00   2.00 
PHE VAL
  2.00   2.00   2.00   2.00   1.66   1.43   0.84   1.43  -0.14  -0.65  -1.09  -1.09  -1.42  -0.48   1.94   2.00 
PHE THR
  2.00   2.00   2.00   2.00   2.00   0.48   0.68   0.03  -0.42  -0.66  -1.15  -1.23  -1.00  -0.01   2.00   2.00 
PHE ILE
  2.00   2.00   2.00   2.00   2.00   1.07   1.29   0.48  -0.27  -0.72  -1.01  -1.11  -1.46  -0.15   2.00   2.00 
PHE PRO
  2.00   2.00   2.00   2.00   2.00   1.84   1.59   0.20  -0.26  -0.88  -0.69  -1.44  -1.35  -0.05   2.00   2.00 
PHE MET
  2.00   2.00   2.00   2.00   2.00   0.95   0.95   0.10  -0.95  -0.72  -1.04  -1.21  -0.90  -0.03   2.00   2.00 
PHE ASP
  2.00   2.00   2.00   2.00   2.00   0.65   0.30  -0.38  -0.95  -1.00  -0.73  -1.08  -0.79   0.50   2.00   2.00 
PHE ASN
  2.00   2.00   2.00   2.00   1.12   0.02  -0.22  -0.41  -0.80  -1.01  -0.80  -0.84  -0.75   1.12   2.00   2.00 
PHE LEU
  2.00   2.00   2.00   2.00   1.59   1.12   0.64   0.64  -0.06  -0.71  -0.63  -1.16  -1.50  -0.56   2.00   2.00 
PHE LYS
  2.00   2.00   2.00   2.00   2.00   0.66   0.31   0.01  -0.48  -1.08  -0.96  -1.27  -0.77   0.41   2.00   2.00 
PHE GLU
  2.00   2.00   2.00   2.00   1.97   0.53   0.59  -0.07  -0.65  -0.94  -0.77  -1.35  -0.87   0.32   2.00   2.00 
PHE GLN
  2.00   2.00   2.00   2.00   2.00   0.44  -0.20  -0.39  -0.66  -0.97  -0.59  -1.07  -0.79  -0.03   2.00   2.00 
PHE ARG
  2.00   2.00   2.00   2.00   1.56   0.38   0.24  -0.19  -0.15  -0.84  -0.99  -1.28  -1.10   1.15   2.00   2.00 
PHE HIS
  2.00   2.00   2.00   2.00   2.00   1.35  -0.04  -0.12  -0.60  -1.16  -0.19  -1.19  -1.02  -0.19   2.00   2.00 
PHE PHE
  2.00   2.00   2.00   2.00   2.00   1.36   0.55   0.55  -0.58  -0.89  -0.69  -1.24  -1.18  -0.47   2.00   2.00 
PHE TYR
  2.00   2.00   2.00   2.00   2.00   0.96   0.78   0.37  -0.52  -0.80  -0.83  -1.14  -1.30  -0.37   2.00   2.00 
PHE TRP
  2.00   2.00   2.00   2.00   1.61   1.61   1.61   0.92   0.22  -0.79  -0.96  -1.16  -1.61  -0.18   2.00   2.00 
TYR GLY
  2.00   2.00   2.00   2.00   1.28  -0.16  -0.09  -0.30  -0.85  -0.62  -0.72  -0.85  -1.05   0.48   2.00   2.00 
TYR ALA
  2.00   2.00   2.00   2.00   2.00   0.58   0.28   0.13  -0.71  -0.80  -0.54  -1.37  -1.03   0.04   2.00   2.00 
TYR SER
  2.00   2.00   2.00   2.00   2.00   0.65   0.26   0.14  -0.56  -0.95  -0.96  -1.11  -1.04   0.18   2.00   2.00 
TYR CYS
  2.00   2.00   2.00   2.00   1.98   1.29   0.59  -0.22  -0.42  -0.73  -0.42  -1.48  -1.06  -0.32   2.00   2.00 
TYR VAL
  2.00   2.00   2.00   2.00   1.93   1.08   0.46   0.46  -0.44  -0.58  -0.76  -1.29  -1.25  -0.50   2.00   2.00 
TYR THR
  2.00   2.00   2.00   2.00   1.46   0.12   0.07   0.18  -0.33  -0.74  -0.96  -1.09  -0.96  -0.30   2.00   2.00 
TYR ILE
  2.00   2.00   2.00   2.00   2.00   1.00   0.72   0.40  -0.34  -0.89  -1.08  -1.05  -1.17  -0.42   2.00   2.00 
TYR PRO
  2.00   2.00   2.00   2.00   2.00   2.00   1.61   0.65  -0.39  -0.93  -0.68  -1.32  -1.49   0.05   2.00   2.00 
TYR MET
  2.00   2.00   2.00   2.00   1.84   0.74  -0.56   0.46  -0.56  -1.05  -0.72  -0.64  -1.10  -0.10   1.15   2.00 
TYR ASP
  2.00   2.00   2.00   2.00   1.92  -0.09  -0.06  -0.35  -0.84  -1.02  -0.82  -0.78  -0.68   0.31   2.00   2.00 
TYR ASN
  2.00   2.00   2.00   2.00   1.26   0.16  -0.26  -0.05  -0.78  -0.92  -0.62  -1.04  -0.94   0.57   2.00   2.00 
TYR LEU
  2.00   2.00   2.00   2.00   2.00   2.00   0.65   0.14  -0.23  -0.67  -1.00  -1.18  -1.26  -0.45   2.00   2.00 
TYR LYS
  2.00   2.00   2.00   2.00   2.00   0.39   0.06  -0.30  -0.73  -0.89  -0.91  -1.15  -0.83   0.53   2.00   2.00 
TYR GLU
  2.00   2.00   2.00   2.00   1.36   1.20   0.10   0.06  -0.78  -0.78  -0.95  -1.19  -0.98   0.58   2.00   2.00 
TYR GLN
  2.00   2.00   2.00   2.00   2.00   0.23   0.43  -0.37  -0.81  -0.74  -0.67  -1.01  -1.09   0.06   2.00   2.00 
TYR ARG
  2.00   2.00   2.00   2.00   1.75   0.76   0.28   0.14  -0.59  -1.03  -0.74  -1.03  -1.16   0.07   2.00   2.00 
TYR HIS
  2.00   2.00   2.00   2.00   1.29   0.08   1.00  -0.01  -0.75  -0.83  -0.79  -1.08  -0.98  -0.01   1.69   2.00 
TYR PHE
  2.00   2.00   2.00   2.00   2.00   0.74   1.43  -0.18  -0.65  -0.65  -0.77  -1.16  -1.21  -0.30   1.84   2.00 
TYR TYR
  2.00   2.00   2.00   2.00   1.63   0.79   0.94  -0.04  -0.63  -0.96  -0.49  -1.18  -1.07  -0.40   2.00   2.00 
TYR TRP
  2.00   2.00   2.00   2.00   2.00   0.64  -0.05  -0.21  -0.46  -0.66  -0.97  -1.21  -1.03   0.13   2.00   2.00 
TRP GLY
  2.00   2.00   2.00   2.00   1.77  -0.31  -0.13  -0.35  -0.60  -0.77  -0.72  -1.09  -0.66   0.03   2.00   2.00 
TRP ALA
  2.00   2.00   2.00   2.00   2.00   1.18  -0.12   0.20  -0.77  -0.56  -0.12  -1.31  -1.31  -0.03   1.58   2.00 
TRP SER
  2.00   2.00   2.00   2.00   2.00   0.46   0.80   0.33  -0.96  -0.77  -0.77  -1.15  -1.02  -0.30   2.00   2.00 
TRP CYS
  2.00   2.00   2.00   2.00   0.52   1.22   0.52   0.12  -1.09  -0.86  -0.39  -1.27  -0.98   0.52   2.00   2.00 
TRP VAL
  2.00   2.00   2.00   1.85   1.85   0.47   0.06   0.24  -0.63  -0.79  -0.79  -1.41  -0.45  -0.34   2.00   2.00 
TRP THR
  2.00   2.00   2.00   2.00   2.00  -0.43   0.38   0.06  -0.43  -0.94  -1.04  -1.07  -0.59   0.16   1.36   2.00 
TRP ILE
  2.00   2.00   2.00   2.00   1.61   0.22   0.92   0.22  -0.18  -0.47  -0.34  -1.72  -1.16   0.22   2.00   2.00 
TRP PRO
  2.00   2.00   2.00   2.00   2.00   2.00   1.11   0.24  -0.54  -1.02  -0.54  -1.11  -1.47  -0.17   2.00   2.00 
TRP MET
  2.00   2.00   2.00   2.00   1.01   1.01  -0.37   0.32  -0.78  -0.37   2.00  -1.29  -1.47  -0.37   2.00   2.00 
TRP ASP
  2.00   2.00   2.00   2.00   1.82   0.57  -0.53   0.21  -0.95  -0.74  -0.78  -1.07  -0.92   0.72   2.00   2.00 
TRP ASN
  2.00   2.00   2.00   2.00   2.00  -0.25  -0.25  -0.33  -0.81  -0.86  -0.54  -0.99  -0.76   0.29   2.00   2.00 
TRP LEU
  2.00   2.00   2.00   2.00   2.00   0.30   0.30   0.30  -0.80  -0.80  -0.80  -1.17  -1.09   0.14   2.00   2.00 
TRP LYS
  2.00   2.00   2.00   2.00   1.55   0.45   0.05  -0.39  -1.01  -0.93  -0.80  -1.01  -0.70   0.86   2.00   2.00 
TRP GLU
  2.00   2.00   2.00   1.69   2.00   1.69  -0.32   0.59  -0.32  -1.17  -0.75  -1.37  -0.98   1.00   2.00   2.00 
TRP GLN
  2.00   2.00   2.00   2.00   2.00   0.20  -0.03  -0.21  -0.03  -1.19  -0.61  -1.19  -0.61  -0.36   1.58   2.00 
TRP ARG
  2.00   2.00   2.00   2.00   2.00   1.19   0.78   0.27  -0.42  -0.83  -1.11  -1.21  -1.34   0.78   2.00   2.00 
TRP HIS
  2.00   2.00   2.00   2.00   0.58   2.00  -0.52   0.17  -0.68  -0.52  -1.03  -0.93  -1.21   0.58   2.00   2.00 
TRP PHE
  2.00   2.00   2.00   2.00   2.00   0.95   0.26   1.65  -0.66  -0.99  -0.92  -0.99  -1.19  -0.30   1.65   2.00 
TRP TYR
  2.00   2.00   2.00   2.00   1.53  -0.26   1.53   0.43  -0.41  -0.67  -1.11  -1.36  -0.67  -0.26   2.00   2.00 
TRP TRP
  2.00   2.00   2.00   2.00   0.43   2.00   0.02   0.43  -0.27  -1.18  -0.49  -1.45  -0.96   0.43   2.00   2.00 
