 101
 289 296 314   1
 286 292 310   2
 285 298 308   3
 289 302 307   4
 288 308 305   5
 292 311 301   6
 292 317 304   7
 290 318 309   8
 284 321 310   9
 287 326 311  10
 290 326 306  11
 295 324 308  12
 299 320 304  13
 299 315 308  14
 297 309 308  15
 293 308 312  16
 295 304 315  17
 300 305 313  18
 303 300 316  19
 299 295 317  20
 300 289 318  21
 296 285 314  22
 296 279 314  23
 297 275 309  24
 293 276 304  25
 290 281 307  26
 288 285 303  27
 290 291 303  28
 287 295 301  29
 289 300 299  30
 285 305 298  31
 286 310 296  32
 284 315 300  33
 287 320 300  34
 292 323 297  35
 292 319 292  36
 293 317 287  37
 296 313 291  38
 299 307 290  39
 301 303 294  40
 307 300 292  41
 310 296 296  42
 316 297 296  43
 319 292 293  44
 324 293 297  45
 320 293 302  46
 316 288 302  47
 317 282 303  48
 321 278 300  49
 319 276 295  50
 314 279 294  51
 312 282 289  52
 311 288 290  53
 308 288 284  54
 304 284 286  55
 302 288 291  56
 304 294 289  57
 302 298 286  58
 306 300 281  59
 308 305 283  60
 306 308 278  61
 300 306 279  62
 296 309 283  63
 290 309 285  64
 288 314 283  65
 282 315 286  66
 281 315 292  67
 279 309 294  68
 282 306 289  69
 285 301 292  70
 289 297 291  71
 289 292 294  72
 293 288 296  73
 294 283 299  74
 300 281 301  75
 301 275 303  76
 307 275 304  77
 309 277 310  78
 313 281 311  79
 313 288 311  80
 311 291 306  81
 312 297 305  82
 309 301 301  83
 308 306 299  84
 305 310 295  85
 309 311 291  86
 307 317 290  87
 307 318 296  88
 311 315 298  89
 315 320 300  90
 310 322 303  91
 310 317 306  92
 305 314 304  93
 308 308 305  94
 306 304 309  95
 308 298 311  96
 304 293 311  97
 306 288 314  98
 304 282 313  99
 304 278 318 100
 298 275 320 101
